0.0000000e+000
-4.3256481e-001
-2.0981492e+000
-1.9728169e+000
-1.6851405e+000
-2.8316118e+000
-1.6406963e+000
-4.5153215e-001
-4.8916542e-001
-1.6187306e-001
1.2766081e-002
-1.7394250e-001
5.5184805e-001
-3.6468491e-002
2.1467173e+000
2.0103214e+000
2.1242528e+000
3.1910210e+000
3.2503024e+000
3.1546540e+000
2.3223046e+000
2.6167154e+000
1.2805335e+000
1.9948581e+000
3.6184201e+000
2.9266444e+000
3.7846411e+000
5.0386425e+000
3.4449130e+000
2.0039485e+000
2.5750961e+000
2.1752106e+000
2.8652079e+000
3.6808302e+000
4.3927386e+000
5.6829883e+000
6.3515888e+000
7.5424269e+000
6.3399698e+000
6.3201802e+000
6.1634629e+000
4.5593774e+000
4.8166816e+000
3.7602087e+000
5.1753501e+000
4.3702597e+000
4.8990028e+000
5.1183234e+000
4.1964218e+000
2.0257473e+000
1.9665595e+000
9.5592578e-001
1.5703888e+000
2.0781296e+000
3.7705595e+000
4.3618421e+000
3.7182469e+000
4.0985841e+000
3.0894686e+000
3.0699579e+000
3.0217371e+000
3.0217803e+000
2.7039209e+000
3.7989246e+000
1.9249344e+000
2.3531176e+000
3.2487561e+000
3.9797134e+000
4.5575708e+000
4.5978848e+000
5.2749740e+000
5.8438742e+000
5.5882288e+000
5.2107598e+000
4.9148727e+000
3.4397382e+000
3.2057342e+000
3.3241790e+000
3.6389881e+000
5.0824963e+000
4.7315216e+000
5.3547554e+000
6.1538040e+000
7.0946940e+000
6.1026022e+000
6.3146374e+000
6.5525195e+000
5.5447561e+000
4.8027113e+000
5.8850063e+000
5.7535066e+000
6.1433871e+000
6.2313742e+000
5.5959089e+000
5.0363356e+000
5.4799891e+000
4.5300853e+000
5.3112669e+000
5.8802276e+000
5.0585133e+000
4.7929064e+000
3.6051294e+000
1.4028087e+000
2.3891461e+000
1.8705110e+000
2.1978786e+000
2.4319356e+000
2.4534018e+000
1.4494573e+000
5.0231122e-001
1.2788203e-001
-1.0580042e+000
-2.1139071e+000
-6.4142718e-001
-5.8568334e-001
-1.8030008e+000
-1.8442279e+000
-2.9725718e+000
-4.3218493e+000
-4.5829510e+000
-3.6294855e+000
-3.5008411e+000
-2.8443736e+000
-4.0121929e+000
-4.4727981e+000
-4.7352381e+000
-5.9483901e+000
-7.2678271e+000
-6.3366096e+000
-6.3253647e+000
-6.9705105e+000
-6.1647817e+000
-5.9331557e+000
-6.9229154e+000
-5.5833297e+000
-5.2938277e+000
-3.8149106e+000
-2.6768826e+000
-3.3610212e+000
-4.6529572e+000
-4.7258835e+000
-5.0564824e+000
-5.9001100e+000
-5.4023404e+000
-3.9138499e+000
-4.4603258e+000
-5.3070840e+000
-5.5534205e+000
-4.8903963e+000
-5.7445937e+000
-6.9459085e+000
-7.0657780e+000
-7.1310720e+000
-6.6457764e+000
-7.2412673e+000
-7.3909351e+000
-7.8256870e+000
-7.9050172e+000
-6.3698649e+000
-6.9763478e+000
-8.3237105e+000
-7.8543274e+000
-8.7578943e+000
-8.7220147e+000
-9.3495459e+000
-8.8141479e+000
-8.2612644e+000
-8.4649549e+000
-1.0519280e+001
-1.0386719e+001
-8.7937781e+000
-7.7753663e+000
-9.3557688e+000
-9.4344308e+000
-1.0116088e+001
-1.1140641e+001
-1.2374994e+001
-1.2086187e+001
-1.2515490e+001
-1.2459689e+001
-1.2827563e+001
-1.3292536e+001
-1.2921575e+001
-1.2193292e+001
-1.0081132e+001
-1.1438430e+001
-1.2461040e+001
-1.1423206e+001
-1.1813005e+001
-1.3194271e+001
-1.2878728e+001
-1.1325486e+001
-1.0617592e+001
-8.6602072e+000
-8.1556649e+000
-6.2911359e+000
-6.6309476e+000
-7.7707270e+000
-7.9818505e+000
-6.7916056e+000
-7.9078143e+000
-7.2725402e+000
-7.8739523e+000
-7.3227676e+000
-8.4226081e+000
-8.3366175e+000
-1.0341181e+001
-1.0834269e+001
-1.0372221e+001
-1.0693225e+001
-9.4566697e+000
-1.0087949e+001
-1.2413161e+001
-1.3644797e+001
-1.2589149e+001
-1.2702373e+001
-1.2323149e+001
-1.1378949e+001
-1.3499376e+001
-1.4144055e+001
-1.4848357e+001
-1.5866494e+001
-1.6048576e+001
-1.4527562e+001
-1.4566001e+001
-1.3338553e+001
-1.4034758e+001
-1.4027234e+001
-1.4810127e+001
-1.4223188e+001
-1.4474395e+001
-1.3994260e+001
-1.3326105e+001
-1.3404426e+001
-1.2515253e+001
-1.0205966e+001
-9.6813270e+000
-9.6931143e+000
-8.7799735e+000
-8.7240328e+000
-9.8311027e+000
-9.3456050e+000
-9.3506101e+000
-9.6268279e+000
-8.3503755e+000
-6.4869749e+000
-7.0095342e+000
-6.9061097e+000
-7.7137588e+000
-7.0333203e+000
-9.3979101e+000
-8.4077952e+000
-8.1888961e+000
-7.9272337e+000
-6.7137892e+000
-6.9884561e+000
-7.1215906e+000
-8.3920908e+000
-1.0055697e+001
-1.0759252e+001
-1.0478371e+001
-1.1019580e+001
-1.2353111e+001
-1.1280425e+001
-1.1992510e+001
-1.2003796e+001
-1.2004613e+001
-1.2254049e+001
-1.1857474e+001
-1.2121487e+001
-1.3785498e+001
-1.4814473e+001
-1.4571378e+001
-1.5827969e+001
-1.6175152e+001
-1.7116524e+001
-1.8291084e+001
-1.9312226e+001
-1.9713893e+001
-1.9540227e+001
-1.9656345e+001
-1.8592226e+001
-1.8837613e+001
-2.0355152e+001
-2.0345418e+001
-2.0274045e+001
-1.9957509e+001
-1.9457683e+001
-1.8179599e+001
-1.8727415e+001
-1.8466607e+001
-1.8479784e+001
-1.9060048e+001
-1.6923739e+001
-1.7181356e+001
-1.8590885e+001
-1.6820784e+001
-1.6495238e+001
-1.7614277e+001
-1.6993927e+001
-1.5724145e+001
-1.6620188e+001
-1.6485012e+001
-1.6624052e+001
-1.7787448e+001
-1.6603728e+001
-1.6619158e+001
-1.6082939e+001
-1.6799368e+001
-1.7454927e+001
-1.7140564e+001
-1.7033750e+001
-1.5185534e+001
-1.5460640e+001
-1.3248086e+001
-1.1739560e+001
-1.3684639e+001
-1.5365181e+001
-1.5938716e+001
-1.6124532e+001
-1.6115598e+001
-1.5278648e+001
-1.6000919e+001
-1.6722409e+001
-1.6923590e+001
-1.6944054e+001
-1.6665164e+001
-1.5606870e+001
-1.4985196e+001
-1.6735812e+001
-1.6038464e+001
-1.5226978e+001
-1.4590633e+001
-1.3280553e+001
-1.2953455e+001
-1.3626448e+001
-1.3775776e+001
-1.6224794e+001
-1.5751508e+001
-1.5634562e+001
-1.6225666e+001
-1.6880374e+001
-1.7961036e+001
-1.8008767e+001
-1.7629422e+001
-1.7959783e+001
-1.8459681e+001
-1.8495660e+001
-1.8670420e+001
-1.9627685e+001
-1.8335138e+001
-1.7894228e+001
-1.6613287e+001
-1.7111017e+001
-1.8229733e+001
-1.7422084e+001
-1.7380884e+001
-1.8137093e+001
-1.8226222e+001
-2.0235072e+001
-1.9151154e+001
-2.0132345e+001
-2.0820833e+001
-1.9481354e+001
-2.0390597e+001
-2.0803455e+001
-2.1309618e+001
-1.9689870e+001
-1.9608970e+001
-2.0690026e+001
-2.1814544e+001
-2.0078868e+001
-1.8141409e+001
-1.6506341e+001
-1.7762281e+001
-1.7975818e+001
-1.8174750e+001
-1.7867251e+001
-1.8439577e+001
-1.9417225e+001
-1.9864034e+001
-1.8781943e+001
-1.6409295e+001
-1.6180006e+001
-1.6446629e+001
-1.5744957e+001
-1.6232548e+001
-1.4370068e+001
-1.3263217e+001
-1.4490783e+001
-1.5160668e+001
-1.3819738e+001
-1.3431655e+001
-1.3038596e+001
-1.4745930e+001
-1.4518071e+001
-1.3832438e+001
-1.4469228e+001
-1.5471834e+001
-1.5657454e+001
-1.6711487e+001
-1.6783027e+001
-1.6503828e+001
-1.5130553e+001
-1.4950712e+001
-1.5492728e+001
-1.3858538e+001
-1.3033323e+001
-1.2802562e+001
-1.2130928e+001
-1.2639005e+001
-1.1782654e+001
-1.1514150e+001
-1.0889175e+001
-1.1936513e+001
-1.0400843e+001
-9.9664171e+000
-1.1883553e+001
-1.1413613e+001
-1.0139262e+001
-9.5007198e+000
-8.1199373e+000
-6.8000945e+000
-7.7095237e+000
-1.0015129e+001
-8.2263985e+000
-7.8356007e+000
-7.8152770e+000
-8.2212540e+000
-9.7561486e+000
-9.5347755e+000
-1.0909254e+001
-1.1748540e+001
-1.1957182e+001
-1.1201269e+001
-1.0825535e+001
-1.2170948e+001
-1.0689072e+001
-1.0656335e+001
-8.7858825e+000
-9.9948731e+000
-1.0777505e+001
-1.1544803e+001
-1.1652004e+001
-1.2629060e+001
-1.3593048e+001
-1.5972221e+001
-1.6810409e+001
-1.6553063e+001
-1.6736897e+001
-1.6904512e+001
-1.7021501e+001
-1.6853013e+001
-1.7354219e+001
-1.8059296e+001
-1.7551131e+001
-1.7972053e+001
-1.7742919e+001
-1.8702416e+001
-1.8848459e+001
-1.8103921e+001
-1.8994417e+001
-1.8855355e+001
-1.9091499e+001
-1.9166958e+001
-1.9525530e+001
-2.1603165e+001
-2.1746711e+001
-2.0353369e+001
-1.9701565e+001
-2.0078699e+001
-2.0740142e+001
-2.0491184e+001
-2.0874700e+001
-2.1403180e+001
-2.1347792e+001
-2.0094023e+001
-2.2614027e+001
-2.2029171e+001
-2.3037235e+001
-2.2092950e+001
-2.4516907e+001
-2.4740739e+001
-2.4682669e+001
-2.5107283e+001
-2.5310201e+001
-2.6823278e+001
-2.7949630e+001
-2.8764632e+001
-2.8398017e+001
-2.8984124e+001
-2.7446715e+001
-2.7306644e+001
-2.9169410e+001
-2.9623603e+001
-3.0275678e+001
-3.0172360e+001
-3.0392991e+001
-3.0672035e+001
-3.1405697e+001
-3.1470230e+001
-3.2914234e+001
-3.2301894e+001
-3.3625397e+001
-3.4286974e+001
-3.4433088e+001
-3.4185003e+001
-3.4261636e+001
-3.2523466e+001
-3.0901494e+001
-3.0275058e+001
-3.0183244e+001
-3.0990851e+001
-3.1452189e+001
-3.2858158e+001
-3.3232687e+001
-3.3703599e+001
-3.1952303e+001
-3.1199078e+001
-3.1134089e+001
-3.1426853e+001
-3.1344030e+001
-3.0577839e+001
-2.8340989e+001
-2.8014102e+001
-2.7150798e+001
-2.6471412e+001
-2.5916654e+001
-2.4915024e+001
-2.3655659e+001
-2.3611508e+001
-2.3925645e+001
-2.3698938e+001
-2.2702246e+001
-2.1486334e+001
-2.2029036e+001
-2.1116808e+001
-2.1288949e+001
-2.1624904e+001
-2.1083417e+001
-2.0151306e+001
-2.0721558e+001
-2.2220164e+001
-2.2270509e+001
-2.1717485e+001
-2.1633987e+001
-2.0056463e+001
-2.0387237e+001
-1.9592083e+001
-2.0376883e+001
-2.1640004e+001
-2.0973349e+001
-2.2365981e+001
-2.3666544e+001
-2.4271566e+001
-2.5760131e+001
-2.5201588e+001
-2.5478942e+001
-2.6772627e+001
-2.7661062e+001
-2.8647582e+001
-2.8719200e+001
-3.1133791e+001
-3.1828140e+001
-3.3219529e+001
-3.2889881e+001
-3.2291336e+001
-3.2144161e+001
-3.2245600e+001
-3.4880581e+001
-3.4852527e+001
-3.5728837e+001
-3.5994315e+001
-3.6321893e+001
-3.7480140e+001
-3.6900087e+001
-3.6660331e+001
-3.7011216e+001
-3.6119118e+001
-3.4540819e+001
-3.5648993e+001
-3.5674924e+001
-3.6785552e+001
-3.6034717e+001
-3.5534550e+001
-3.6051811e+001
-3.6611021e+001
-3.7364391e+001
-3.6438579e+001
-3.6687099e+001
-3.6836934e+001
-3.8095349e+001
-3.7782729e+001
-3.5092452e+001
-3.4802756e+001
-3.6225559e+001
-3.5978773e+001
-3.7414546e+001
-3.7265973e+001
-3.8959045e+001
-3.8239857e+001
-3.7098084e+001
-3.5546148e+001
-3.4162518e+001
-3.4920610e+001
-3.4477947e+001
-3.3566849e+001
-3.4640935e+001
-3.4439173e+001
-3.3676310e+001
-3.4964497e+001
-3.5917459e+001
-3.5139284e+001
-3.5145615e+001
-3.4621129e+001
-3.3256857e+001
-3.2774818e+001
-3.3561883e+001
-3.2809884e+001
-3.2976772e+001
-3.3793000e+001
-3.1698935e+001
-3.1618782e+001
-3.2556077e+001
-3.1920339e+001
-3.0238311e+001
-2.9644677e+001
-2.8854524e+001
-2.8749270e+001
-2.8907848e+001
-2.8036941e+001
-2.8231700e+001
-2.8156225e+001
-2.8682860e+001
-2.9368345e+001
-2.9636732e+001
-3.0825078e+001
-3.0576499e+001
-3.0474048e+001
-3.0515054e+001
-3.2762637e+001
-3.3273413e+001
-3.3024171e+001
-3.2654974e+001
-3.2475777e+001
-3.2513061e+001
-3.4116371e+001
-3.3776999e+001
-3.3908133e+001
-3.3422944e+001
-3.2824193e+001
-3.2910224e+001
-3.2584932e+001
-3.2920075e+001
-3.3242524e+001
-3.3624898e+001
-3.4578269e+001
-3.4344694e+001
-3.3109449e+001
-3.3687981e+001
-3.4189518e+001
-3.3466654e+001
-3.3427156e+001
-3.1885877e+001
-3.3586930e+001
-3.4620671e+001
-3.5384379e+001
-3.3207953e+001
-3.2776341e+001
-3.3220106e+001
-3.3190110e+001
-3.3505781e+001
-3.2527935e+001
-3.2509640e+001
-3.1691678e+001
-3.0989337e+001
-3.1220607e+001
-3.1334297e+001
-3.1206356e+001
-3.2005766e+001
-3.2244378e+001
-3.2333841e+001
-3.3357105e+001
-3.2419567e+001
-3.3551287e+001
-3.4261989e+001
-3.5431490e+001
-3.4366052e+001
-3.5046446e+001
-3.6772219e+001
-3.5959019e+001
-3.4517153e+001
-3.3844880e+001
-3.3706215e+001
-3.4565749e+001
-3.5318000e+001
-3.4088385e+001
-3.2937630e+001
-3.3545655e+001
-3.2739498e+001
-3.2522365e+001
-3.2895826e+001
-3.3727856e+001
-3.3440990e+001
-3.5259882e+001
-3.6832933e+001
-3.4817267e+001
-3.4889249e+001
-3.2260340e+001
-3.2503657e+001
-3.2330380e+001
-3.1407173e+001
-3.1585726e+001
-3.2107431e+001
-3.0675469e+001
-3.1545587e+001
-3.0738045e+001
-3.1248679e+001
-3.0505165e+001
-2.9657267e+001
-3.0487168e+001
-2.9954173e+001
-2.8921325e+001
-2.9973349e+001
-2.9611235e+001
-2.9648022e+001
-3.0875657e+001
-3.1150756e+001
-3.1311191e+001
-3.2394766e+001
-3.4348979e+001
-3.5258466e+001
-3.5264045e+001
-3.6987535e+001
-3.5724458e+001
-3.6324891e+001
-3.8388816e+001
-3.8277905e+001
-3.6790291e+001
-3.6737288e+001
-3.6575308e+001
-3.6602186e+001
-3.6428609e+001
-3.5546442e+001
-3.5364147e+001
-3.4608852e+001
-3.4100817e+001
-3.3968937e+001
-3.3688833e+001
-3.4671681e+001
-3.5615768e+001
-3.5628826e+001
-3.5274480e+001
-3.6169189e+001
-3.5357078e+001
-3.5247541e+001
-3.2515897e+001
-3.2104818e+001
-3.3411680e+001
-3.3027873e+001
-3.2528369e+001
-3.3039155e+001
-3.2804233e+001
-3.3402058e+001
-3.3381287e+001
-3.2961844e+001
-3.1770741e+001
-3.0999526e+001
-3.3643748e+001
-3.3358318e+001
-3.2532226e+001
-3.2540348e+001
-3.1681910e+001
-3.0907122e+001
-2.9601177e+001
-2.8369674e+001
-2.7411110e+001
-2.9065658e+001
-3.0056054e+001
-2.9370818e+001
-3.0345688e+001
-3.0952414e+001
-3.0265620e+001
-3.0245571e+001
-2.9181771e+001
-3.0522820e+001
-3.0043310e+001
-3.1677284e+001
-3.3119949e+001
-3.2826168e+001
-3.2966532e+001
-3.4096872e+001
-3.4389411e+001
-3.4971946e+001
-3.5868295e+001
-3.5619694e+001
-3.7109357e+001
-3.6795848e+001
-3.8820933e+001
-3.8291943e+001
-3.7948472e+001
-3.7190280e+001
-3.7882220e+001
-3.7202041e+001
-3.8274582e+001
-3.7374810e+001
-3.9497902e+001
-3.9213190e+001
-3.9946513e+001
-4.0719889e+001
-4.0568047e+001
-4.0904890e+001
-3.9934129e+001
-4.0041366e+001
-3.9027874e+001
-3.9503221e+001
-3.9434273e+001
-3.9035680e+001
-3.7919354e+001
-3.7298903e+001
-3.7586578e+001
-3.8958351e+001
-3.9644219e+001
-3.9312535e+001
-4.0310256e+001
-4.0018838e+001
-3.8911760e+001
-3.8666801e+001
-3.8501826e+001
-3.8095594e+001
-3.6879613e+001
-3.5431189e+001
-3.6456326e+001
-3.6250908e+001
-3.5662026e+001
-3.5926050e+001
-3.3430732e+001
-3.2574784e+001
-3.3425738e+001
-3.2613859e+001
-3.1913617e+001
-3.1153679e+001
-3.2866588e+001
-3.1329567e+001
-3.2939414e+001
-3.1829888e+001
-3.2939592e+001
-3.2554122e+001
-3.1588891e+001
-3.0770594e+001
-3.0733545e+001
-3.1659558e+001
-3.1771477e+001
-3.2574506e+001
-3.4239512e+001
-3.5140913e+001
-3.4552563e+001
-3.3998404e+001
-3.4413576e+001
-3.4351782e+001
-3.3894350e+001
-3.3695336e+001
-3.3437778e+001
-3.1357049e+001
-3.3634285e+001
-3.3295263e+001
-3.3005369e+001
-3.2343108e+001
-3.2923968e+001
-3.2036216e+001
-3.1864345e+001
-3.1015524e+001
-3.0051755e+001
-2.8729837e+001
-2.8794182e+001
-2.7477128e+001
-2.7249111e+001
-2.8678748e+001
-2.8828449e+001
-2.9333417e+001
-3.1062558e+001
-3.1480031e+001
-3.2094999e+001
-3.1374222e+001
-3.1034859e+001
-3.0152014e+001
-2.9867768e+001
-3.0013310e+001
-3.0102956e+001
-2.9813795e+001
-2.8648964e+001
-2.7843235e+001
-2.9198878e+001
-2.9077985e+001
-2.9300163e+001
-2.8728431e+001
-2.9028571e+001
-2.7894294e+001
-2.8073651e+001
-2.9540717e+001
-2.8145372e+001
-2.7704536e+001
-2.7139152e+001
-2.7832774e+001
-2.6998905e+001
-2.9236284e+001
-2.8138640e+001
-2.8140256e+001
-2.9754830e+001
-3.0983557e+001
-3.0776152e+001
-3.0555210e+001
-3.1561283e+001
-3.2014350e+001
-3.0614897e+001
-3.1076861e+001
-3.1044145e+001
-3.0245362e+001
-2.9348546e+001
-2.9210654e+001
-3.0829801e+001
-3.2476406e+001
-3.2047700e+001
-3.2784930e+001
-3.2220004e+001
-3.3604171e+001
-3.3143903e+001
-3.2514519e+001
-3.2134672e+001
-3.3148002e+001
-3.3495245e+001
-3.3053332e+001
-3.4643573e+001
-3.5344989e+001
-3.6422590e+001
-3.5420370e+001
-3.3690890e+001
-3.2981858e+001
-3.3729754e+001
-3.3500892e+001
-3.3724389e+001
-3.4577664e+001
-3.4232037e+001
-3.4122273e+001
-3.5255312e+001
-3.5938435e+001
-3.6216291e+001
-3.5561501e+001
-3.6809896e+001
-3.7407435e+001
-3.7889247e+001
-3.6905875e+001
-3.5143754e+001
-3.3716353e+001
-3.2804590e+001
-3.2477767e+001
-3.2408148e+001
-3.3907911e+001
-3.4326134e+001
-3.4347171e+001
-3.4118746e+001
-3.5126942e+001
-3.5791564e+001
-3.5233388e+001
-3.6421930e+001
-3.7197411e+001
-3.6926369e+001
-3.5391394e+001
-3.6443676e+001
-3.5818118e+001
-3.6615744e+001
-3.6929266e+001
-3.7531476e+001
-3.6272415e+001
-3.5413931e+001
-3.7519223e+001
-3.7880160e+001
-3.7326603e+001
-3.8882987e+001
-3.9089653e+001
-3.9515220e+001
-3.9021442e+001
-3.9892350e+001
-3.9812522e+001
-4.0334141e+001
-4.1748002e+001
-4.2132295e+001
-4.2590218e+001
-4.2881688e+001
-4.3182912e+001
-4.4771506e+001
-4.3677219e+001
-4.2353053e+001
-4.2479532e+001
-4.3216696e+001
-4.3002977e+001
-4.3403506e+001
-4.3338569e+001
-4.5096564e+001
-4.3409816e+001
-4.3082416e+001
-4.2366449e+001
-4.0767801e+001
-4.2832542e+001
-4.3576174e+001
-4.3399989e+001
-4.2872150e+001
-4.3425303e+001
-4.3127023e+001
-4.4353630e+001
-4.4543306e+001
-4.4845019e+001
-4.3888063e+001
-4.4421429e+001
-4.5322511e+001
-4.6215063e+001
-4.5936346e+001
-4.6682153e+001
-4.5078689e+001
-4.4504420e+001
-4.4183765e+001
-4.4335148e+001
-4.4019386e+001
-4.2675683e+001
-4.4913515e+001
-4.3620609e+001
-4.3999068e+001
-4.3996546e+001
-4.3111906e+001
-4.2529455e+001
-4.4143699e+001
-4.5647365e+001
-4.5073779e+001
-4.5984316e+001
-4.7615593e+001
-4.7974731e+001
-4.8372347e+001
-4.9533655e+001
-5.0643493e+001
-5.0352820e+001
-5.2263059e+001
-5.0948291e+001
-5.0282971e+001
-5.0558086e+001
-5.0581108e+001
-5.1489084e+001
-5.2532741e+001
-5.2159225e+001
-5.1257693e+001
-4.9979154e+001
-5.0107610e+001
-4.9494789e+001
-4.7538271e+001
-4.5271944e+001
-4.5645903e+001
-4.3407864e+001
-4.3567444e+001
-4.4270725e+001
-4.3707248e+001
-4.3757545e+001
-4.2593952e+001
-4.1935144e+001
-4.3485232e+001
-4.6514350e+001
-4.5973772e+001
-4.6982771e+001
-4.6074723e+001
-4.4492420e+001
-4.5471508e+001
-4.4463606e+001
-4.4305115e+001
-4.4892042e+001
-4.3317960e+001
-4.3834609e+001
-4.2606810e+001
-4.1022934e+001
-4.3111884e+001
-4.0162339e+001
-3.8806214e+001
-3.7756146e+001
-3.8523316e+001
-3.8780969e+001
-4.0152814e+001
-4.1420470e+001
-4.2315418e+001
-4.1726329e+001
-3.9883700e+001
-3.8535733e+001
-3.9026985e+001
-4.1204553e+001
-4.0967554e+001
-4.1702965e+001
-4.3482385e+001
-4.3034354e+001
-4.2453140e+001
-4.1596533e+001
-4.1862796e+001
-4.2280266e+001
-4.2486072e+001
-4.2660395e+001
-4.2442818e+001
-4.0758524e+001
-4.0638995e+001
-3.9988328e+001
-3.7908267e+001
-3.8247492e+001
-3.7517379e+001
-3.7223410e+001
-3.8072519e+001
-4.0606377e+001
-4.2985319e+001
-4.3331595e+001
-4.3942532e+001
-4.4350724e+001
-4.5766335e+001
-4.5539212e+001
-4.5331238e+001
-4.6050957e+001
-4.5293195e+001
-4.6936330e+001
-4.7993143e+001
-4.8244805e+001
-4.9543246e+001
-4.8309991e+001
-4.6815366e+001
-4.6579428e+001
-4.7983787e+001
-4.7324996e+001
-4.9881609e+001
-5.0416555e+001
-4.7214030e+001
-4.6774832e+001
-4.7924734e+001
-4.7037969e+001
-4.7321356e+001
-4.6286019e+001
-4.6650897e+001
-4.5308910e+001
-4.4300038e+001
-4.4086164e+001
-4.4385428e+001
-4.4129578e+001
-4.4320404e+001
-4.4399465e+001
-4.3699613e+001
-4.4496154e+001
-4.5297437e+001
-4.5305036e+001
-4.6031846e+001
-4.7522748e+001
-4.6652413e+001
-4.6918088e+001
-4.8484784e+001
-4.8879420e+001
-4.9023275e+001
-5.1357522e+001
-5.2715061e+001
-5.4530750e+001
-5.3422328e+001
-5.3564443e+001
-5.2451686e+001
-5.1892422e+001
-5.1414052e+001
-5.2093437e+001
-5.1808470e+001
-5.3141405e+001
-5.3865386e+001
-5.4528986e+001
-5.4330543e+001
-5.6125411e+001
-5.7513084e+001
-5.7315315e+001
-5.5845988e+001
-5.5479494e+001
-5.5922270e+001
-5.5970832e+001
-5.5893124e+001
-5.3935214e+001
-5.4008062e+001
-5.3069252e+001
-5.3148860e+001
-5.3949819e+001
-5.3640395e+001
-5.2588569e+001
-5.4252780e+001
-5.5343572e+001
-5.5535303e+001
-5.5071901e+001
-5.5996048e+001
-5.6645705e+001
-5.6022812e+001
-5.7357920e+001
-5.6310231e+001
-5.5446904e+001
-5.6089315e+001
-5.5429304e+001
-5.4135189e+001
-5.3820610e+001
-5.2961037e+001
-5.2832367e+001
-5.2815799e+001
-5.2888600e+001
-5.3882909e+001
-5.4630268e+001
-5.4661082e+001
-5.3672727e+001
-5.4271744e+001
-5.2795100e+001
-5.3608901e+001
-5.2963862e+001
-5.4273781e+001
-5.5141206e+001
-5.5615439e+001
-5.5393022e+001
-5.3521699e+001
-5.3411698e+001
-5.3823039e+001
-5.3311797e+001
-5.4510913e+001
-5.4607274e+001
-5.4161457e+001
-5.4457281e+001
-5.4625278e+001
-5.4445734e+001
-5.4024616e+001
-5.2346938e+001
-5.0349989e+001
-4.9653025e+001
-5.1019407e+001
-5.0656362e+001
-5.1223406e+001
-5.2267560e+001
-5.1570421e+001
-5.1086395e+001
-5.1280146e+001
-5.1658242e+001
-5.2544615e+001
-5.4384813e+001
-5.6013008e+001
-5.7186796e+001
-5.7602207e+001
-5.7427119e+001
-5.7197686e+001
-5.8438575e+001
-5.7738571e+001
-5.7311694e+001
-5.5856890e+001
-5.6367077e+001
-5.6373733e+001
-5.6899229e+001
-5.6181531e+001
-5.5093158e+001
-5.4592605e+001
-5.1820816e+001
-5.1981125e+001
-5.1551636e+001
-5.3518454e+001
-5.4064472e+001
-5.5952867e+001
-5.6060820e+001
-5.7376964e+001
-5.8049595e+001
-5.8951960e+001
-5.9106759e+001
-5.8159516e+001
-5.6609141e+001
-5.6180101e+001
-5.6740896e+001
-5.6561591e+001
-5.7333100e+001
-5.8276490e+001
-5.9684060e+001
-6.1590190e+001
-6.1655483e+001
-6.0983335e+001
-6.0777188e+001
-6.0785312e+001
-6.0765270e+001
-6.1323717e+001
-5.9437638e+001
-5.9657613e+001
-6.1072008e+001
-6.1374819e+001
-6.1944393e+001
-6.2065888e+001
-6.2456059e+001
-6.3300346e+001
-6.5038102e+001
-6.5487623e+001
-6.7035556e+001
-6.7131332e+001
-6.6223617e+001
-6.3854016e+001
-6.3334247e+001
-6.2923722e+001
-6.1871137e+001
-6.1442354e+001
-6.0147266e+001
-6.0333319e+001
-6.0202585e+001
-6.0860212e+001
-6.1619480e+001
-6.2214649e+001
-6.1402250e+001
-6.1332709e+001
-6.3166396e+001
-6.1339033e+001
-6.0684958e+001
-6.2229727e+001
-6.2604836e+001
-6.2397148e+001
-6.3162763e+001
-6.3269118e+001
-6.2930348e+001
-6.1896887e+001
-6.3301709e+001
-6.4332280e+001
-6.4975652e+001
-6.4804865e+001
-6.3460026e+001
-6.1523753e+001
-6.0782417e+001
-5.9970437e+001
-6.0113246e+001
-6.0213104e+001
-6.1013236e+001
-6.0519987e+001
-5.9282413e+001
-5.7986462e+001
-5.8264658e+001
-5.8047531e+001
-5.7416803e+001
-5.7965351e+001
-5.7735720e+001
-5.7380408e+001
-5.6859124e+001
-5.7475095e+001
-5.6129291e+001
-5.5154369e+001
-5.7532303e+001
-5.8624622e+001
-5.8950331e+001
-6.0962559e+001
-5.9394899e+001
-5.9161562e+001
-5.8515142e+001
-5.9644554e+001
-5.9447516e+001
-5.7750646e+001
-5.7024612e+001
-5.6232086e+001
-5.5628730e+001
-5.5687135e+001
-5.6795801e+001
-5.4651572e+001
-5.6004394e+001
-5.5547372e+001
-5.5156197e+001
-5.3083184e+001
-5.3406502e+001
-5.1938370e+001
-5.2440769e+001
-5.2231175e+001
-5.1476375e+001
-5.2424564e+001
-5.1811408e+001
-5.0050905e+001
-4.9962143e+001
-4.7366573e+001
-4.8042043e+001
-4.5255239e+001
-4.5272065e+001
-4.5000415e+001
-4.5914517e+001
-4.7865888e+001
-4.8183306e+001
-4.7594972e+001
-4.6765976e+001
-4.8440827e+001
-5.0363120e+001
-5.0799782e+001
-5.0754808e+001
-4.8338199e+001
-4.8648091e+001
-4.8460508e+001
-4.7512809e+001
-4.8038512e+001
-4.9154117e+001
-5.0746437e+001
-4.9571593e+001
-4.9086449e+001
-4.7440968e+001
-4.7895201e+001
-4.6886433e+001
-4.4837030e+001
-4.4235010e+001
-4.4217150e+001
-4.5827576e+001
-4.4588824e+001
-4.3905237e+001
-4.4685953e+001
-4.4154974e+001
-4.2020476e+001
-4.1666115e+001
-4.1434415e+001
-4.0146435e+001
-4.0159923e+001
-4.1493268e+001
-4.2049611e+001
-4.1294015e+001
-4.2205868e+001
-4.0834185e+001
-4.0588605e+001
-4.0469760e+001
-4.0085070e+001
-4.0155223e+001
-4.0733532e+001
-4.0264224e+001
-3.8964537e+001
-3.7329739e+001
-3.8032547e+001
-3.7225294e+001
-3.8252746e+001
-3.6958249e+001
-3.6943319e+001
-3.6724614e+001
-3.5011426e+001
-3.7090231e+001
-3.6977314e+001
-3.8063805e+001
-3.9622116e+001
-3.8984710e+001
-3.9389286e+001
-3.9792612e+001
-3.9708535e+001
-4.0143884e+001
-4.0706507e+001
-3.9828445e+001
-4.0643094e+001
-4.0901457e+001
-4.0408158e+001
-4.1210852e+001
-4.1219180e+001
-4.0591609e+001
-4.0437228e+001
-3.7856493e+001
-3.9162739e+001
-3.8139213e+001
-3.7361418e+001
-3.8195302e+001
-3.8781966e+001
-3.8716302e+001
-3.8728643e+001
-3.8805630e+001
-4.0364217e+001
-3.8661610e+001
-3.9130595e+001
-3.9035976e+001
-3.8748905e+001
-3.7829551e+001
-3.7319415e+001
-3.7073975e+001
-3.8474494e+001
-3.7504924e+001
-3.5911226e+001
-3.7349143e+001
-3.8883374e+001
-3.8958083e+001
-3.8876624e+001
-3.9719864e+001
-4.0284504e+001
-4.0312710e+001
-4.1556412e+001
-4.0823373e+001
-4.0763793e+001
-4.0614649e+001
-3.9018792e+001
-3.9796042e+001
-3.8245765e+001
-3.7190764e+001
-3.7357418e+001
-3.7042934e+001
-3.5623363e+001
-3.5296015e+001
-3.4820362e+001
-3.4421608e+001
-3.4494378e+001
-3.3179595e+001
-3.2201315e+001
-3.0479201e+001
-3.0891503e+001
-3.0326370e+001
-2.9586519e+001
-2.9366381e+001
-2.8053574e+001
-2.7424422e+001
-2.8532409e+001
-2.8979411e+001
-2.9705403e+001
-2.9351358e+001
-2.9858130e+001
-3.1961877e+001
-3.2626561e+001
-3.1176452e+001
-3.1506257e+001
-2.8804385e+001
-3.0439324e+001
-3.0975649e+001
-3.0428426e+001
-2.8935823e+001
-2.9391066e+001
-2.9887482e+001
-2.8652222e+001
-2.8611295e+001
-2.7862828e+001
-2.6632064e+001
-2.6327162e+001
-2.5249391e+001
-2.4484240e+001
-2.5803820e+001
-2.6313011e+001
-2.5757895e+001
-2.7715521e+001
-2.8475974e+001
-3.0919860e+001
-3.1579226e+001
-3.1694005e+001
-3.1393926e+001
-3.1977921e+001
-3.5051666e+001
-3.3500624e+001
-3.3907993e+001
-3.2479898e+001
-3.3833140e+001
-3.2929170e+001
-3.2387499e+001
-3.2852519e+001
-3.0422104e+001
-2.8401625e+001
-2.7604338e+001
-2.7573341e+001
-2.7032603e+001
-2.6348681e+001
-2.6938733e+001
-2.7199817e+001
-2.5682749e+001
-2.4675490e+001
-2.4372069e+001
-2.5189150e+001
-2.5680342e+001
-2.4812875e+001
-2.4452085e+001
-2.4532456e+001
-2.3783155e+001
-2.5575123e+001
-2.4361898e+001
-2.4422422e+001
-2.4814942e+001
-2.4205395e+001
-2.3561816e+001
-2.2542294e+001
-2.1607858e+001
-2.0379275e+001
-2.0628762e+001
-2.1336344e+001
-2.1930169e+001
-2.2192479e+001
-2.0949632e+001
-2.2498534e+001
-2.2885294e+001
-2.2610196e+001
-2.1784042e+001
-2.2763321e+001
-2.2867617e+001
-2.2739768e+001
-2.2677225e+001
-2.2305601e+001
-2.2409563e+001
-2.3106338e+001
-2.3493161e+001
-2.3477027e+001
-2.2107816e+001
-2.1690938e+001
-2.1622197e+001
-2.1328010e+001
-2.0855377e+001
-1.9072643e+001
-1.8812066e+001
-1.7301338e+001
-1.6984369e+001
-1.6180897e+001
-1.5600023e+001
-1.3821439e+001
-1.4759514e+001
-1.5676186e+001
-1.5300180e+001
-1.4390400e+001
-1.4236150e+001
-1.4438414e+001
-1.2949707e+001
-1.3571346e+001
-1.2761808e+001
-1.0833015e+001
-1.0436958e+001
-1.1298357e+001
-8.8664216e+000
-9.7069392e+000
-9.4264884e+000
-8.6060723e+000
-7.3782445e+000
-7.4418094e+000
-6.7965446e+000
-8.5678621e+000
-8.5082505e+000
-9.2684278e+000
-1.0959329e+001
-9.8556571e+000
-8.3931574e+000
-8.1569444e+000
-9.2546350e+000
-6.8394025e+000
-7.2415148e+000
-6.3273839e+000
-6.4633431e+000
-5.1491502e+000
-4.8267891e+000
-5.3032851e+000
-5.2271236e+000
-5.3322705e+000
-3.9152571e+000
-3.2073466e+000
-2.8394289e+000
-3.4422734e+000
-4.2943831e+000
-3.6392608e+000
-2.1690768e+000
-2.9794802e+000
-4.2556375e+000
-2.5333695e+000
-2.4314919e+000
-3.2334890e+000
-4.4843265e+000
-3.2466093e+000
-1.7184446e+000
5.8478131e-002
6.8964566e-001
7.7290420e-001
2.9129476e+000
4.1764169e+000
2.4257718e+000
2.4113394e+000
4.8794413e+000
4.2102829e+000
4.4702095e+000
4.0978817e+000
5.4164352e+000
4.7633541e+000
4.8255335e+000
4.0896602e+000
3.9103363e+000
4.9950111e+000
5.1319257e+000
5.1163175e+000
4.1778264e+000
2.6997410e+000
3.0616719e+000
3.5394633e+000
3.8612049e+000
1.9836304e+000
2.6641562e+000
2.8975542e+000
4.1370458e+000
4.2627068e+000
4.4424274e+000
3.8373665e+000
2.8005161e+000
2.5052378e+000
3.9613523e+000
5.7638774e+000
4.4302638e+000
4.8175210e+000
4.7947124e+000
4.9053085e+000
5.7181192e+000
4.7090206e+000
3.7044486e+000
3.9874067e+000
4.2771570e+000
4.0298604e+000
3.8109961e+000
4.7096832e+000
4.0674699e+000
3.8870251e+000
4.6049380e+000
4.9063242e+000
6.4552193e+000
6.4109769e+000
6.3813261e+000
5.9992164e+000
5.4452872e+000
6.3776455e+000
5.0618056e+000
4.7602862e+000
2.1606977e+000
2.9407755e+000
3.5437164e+000
4.4865153e+000
3.4626022e+000
3.3947723e+000
3.4765327e+000
1.7095059e+000
-7.1758121e-002
-7.3211187e-001
6.1930479e-001
2.7556743e+000
2.9224577e+000
1.2172303e+000
1.4937585e+000
1.8882707e+000
1.7897156e+000
1.9661655e+000
1.2831109e-001
-1.3739800e+000
-5.5478286e-001
-7.8935063e-001
-2.4209485e+000
-2.7388872e+000
-3.5351759e+000
-2.8443758e+000
-2.8863859e+000
-2.5623446e+000
-2.0558883e+000
-3.0844778e+000
-2.9850515e+000
-3.1014021e+000
-2.4121632e+000
-5.2887244e-001
-2.0343781e-001
-2.9865052e-001
-2.6747887e-001
-8.8127844e-001
-2.6125369e+000
-2.1337619e+000
-2.5815972e+000
-2.1947826e+000
-2.1418239e+000
-2.6279090e+000
-2.3834360e+000
-1.6651269e+000
-1.5116417e+000
-1.3778588e+000
-2.3840527e+000
-1.0775833e+000
1.2155380e-001
-2.4557818e+000
-4.5420520e+000
-4.1559201e+000
-5.0169514e+000
-6.2477590e+000
-3.6062047e+000
-4.5106082e+000
-5.7339466e+000
-5.4307417e+000
-6.1608391e+000
-7.3044094e+000
-8.7176023e+000
-9.3094202e+000
-8.7905325e+000
-1.0283344e+001
-1.0370028e+001
-1.0382648e+001
-1.0728506e+001
-9.7421951e+000
-9.0989389e+000
-6.1789948e+000
-7.4275797e+000
-7.2704650e+000
-6.4817315e+000
-7.0588144e+000
-6.5311801e+000
-4.8594860e+000
-4.0594065e+000
-3.1756196e+000
-3.3998046e+000
-3.1028135e+000
-3.6238210e+000
-3.7791804e+000
-3.8776787e+000
-2.8805085e+000
-2.4460387e+000
-2.4717596e+000
-2.8516937e+000
-3.0940892e+000
-4.2592034e+000
-3.5025983e+000
-2.3384360e+000
-3.3618906e+000
-1.6603011e+000
-2.1544736e+000
-1.9817600e+000
-1.6276986e+000
-1.8739567e+000
-2.0196976e+000
-3.1887053e+000
-3.2107164e+000
-2.5924387e+000
-7.2657374e-001
-6.4469894e-001
9.6329559e-001
5.8262933e-001
-7.1695880e-001
-1.4409171e+000
-2.0059006e+000
-1.3842365e+000
-2.7197077e+000
-2.8428157e+000
-3.9456306e+000
-6.6988065e+000
-6.4467897e+000
-7.3049378e+000
-6.1695744e+000
-6.4674820e+000
-5.3131513e+000
-4.2670757e+000
-2.1402015e+000
-2.7959751e+000
-3.9383432e+000
-2.9893044e+000
-3.3939126e+000
-3.7782418e+000
-3.2962215e+000
-2.8524472e+000
-2.4713470e+000
-1.3689986e+000
-5.1255174e-001
-1.6910606e+000
-1.2890910e+000
-1.8733186e+000
-2.8528048e+000
-2.7376986e+000
-2.6692276e+000
-3.1991280e+000
-2.6580163e+000
-1.9762963e+000
-1.4377318e+000
-1.9477672e+000
-3.2698780e+000
-3.8805369e+000
-4.4458460e+000
-4.3596710e+000
-3.6681696e+000
-1.5344188e+000
-1.5372827e+000
-1.6268058e+000
-1.8817877e+000
-2.7559999e+000
-2.3330719e+000
-2.4664712e+000
-1.9268927e+000
-1.0517218e+000
-2.3024974e+000
-1.4341869e+000
-2.2389931e+000
-2.9916863e+000
-3.7374987e+000
-4.0471524e+000
-5.5690434e+000
-4.7425124e+000
-5.3554997e+000
-4.3957714e+000
-2.4227839e+000
-2.1278260e+000
-2.5204775e+000
-1.9445509e+000
-3.0859702e+000
-3.0249013e+000
-3.0125836e+000
-3.1807015e+000
-3.8680504e+000
-4.8587004e+000
-4.9084621e+000
-4.1891615e+000
-4.4722250e+000
-5.8971911e+000
-5.4356423e+000
-4.3441584e+000
-5.3884534e+000
-8.2312375e+000
-7.2344133e+000
-7.1578791e+000
-9.0246159e+000
-9.6382299e+000
-8.4688764e+000
-9.0438894e+000
-9.3086843e+000
-9.3039621e+000
-9.3433723e+000
-9.8487648e+000
-1.1006597e+001
-1.0296170e+001
-9.5679976e+000
-8.7011137e+000
-6.2695444e+000
-6.1593407e+000
-6.1328917e+000
-5.1625678e+000
-5.1678276e+000
-3.7582858e+000
-2.0004352e+000
-1.1154237e+000
2.5438306e-002
4.2865446e-001
6.1966306e-001
-7.3963554e-002
-6.2927350e-002
-1.1685137e+000
7.3945968e-001
5.7404810e-001
-1.5838161e-001
-1.1491223e+000
-2.5481702e-001
1.9340967e-001
1.0826284e+000
2.1559652e+000
2.0512308e+000
3.5985497e+000
3.7683838e+000
4.5724320e+000
2.8484026e+000
3.0225356e+000
2.5384509e+000
1.8068236e+000
-3.2508098e-001
-2.1354468e+000
-2.1877852e+000
-2.2739975e+000
-3.4637351e+000
-4.2178763e+000
-3.2705983e+000
-3.4532263e+000
-3.5194940e+000
-2.6144762e+000
-1.1562602e+000
-2.2742443e+000
-4.6094928e-001
-3.1019614e-001
-5.9318987e-001
1.0569324e+000
1.7233107e+000
1.3769490e+000
1.1129072e+000
4.6855867e-001
-4.3698163e-001
2.7969776e-001
2.7236136e-001
-2.5424380e+000
-2.6919836e+000
-2.1144890e+000
-1.3613724e+000
-1.5283574e+000
-2.1101733e+000
-1.7444156e+000
-2.2933351e+000
-1.7145983e+000
-3.6703974e+000
-3.1483912e+000
-1.5472558e+000
-8.1469649e-001
-2.5894926e-001
-1.0722953e+000
-1.6112698e+000
-3.0339337e-001
-7.8597191e-001
-2.5384189e+000
-3.4649886e+000
-2.5425491e+000
-2.5015478e+000
-2.0879004e+000
-1.4906564e+000
4.3361367e-001
1.1477325e+000
-1.1646046e+000
2.1611085e-001
1.6068138e+000
1.1529099e+000
5.2460521e-001
1.5478301e+000
1.0587194e+000
6.5631450e-001
2.0559971e+000
2.3365583e+000
4.2174306e+000
3.4177573e+000
2.8570585e+000
4.5659330e+000
3.9211230e+000
2.4986273e+000
1.7426905e+000
1.9002104e+000
2.2785566e+000
2.4572214e+000
1.8544466e+000
8.6104050e-001
2.0499890e+000
4.4379982e+000
6.7035211e+000
9.0045942e+000
8.7345179e+000
9.2373546e+000
9.1181637e+000
9.1162746e+000
8.6836256e+000
8.4888034e+000
9.4741543e+000
9.9427508e+000
8.5778497e+000
8.8515386e+000
1.1498222e+001
1.1444468e+001
1.1916979e+001
9.8369452e+000
9.0344512e+000
8.5776580e+000
8.7715150e+000
9.6610404e+000
8.0693711e+000
7.7473950e+000
7.0435974e+000
6.2993109e+000
6.6705981e+000
8.1078738e+000
8.5677871e+000
9.2285253e+000
1.0352893e+001
1.1332305e+001
1.0015874e+001
9.9926625e+000
1.0127209e+001
1.2535334e+001
1.3437039e+001
1.3513224e+001
1.3874967e+001
1.1816298e+001
9.4842652e+000
9.1133604e+000
1.0399044e+001
1.0956090e+001
1.0775861e+001
1.0740185e+001
1.2674596e+001
1.3980170e+001
1.3624383e+001
1.3296700e+001
1.3379786e+001
1.3813171e+001
1.2590156e+001
9.8542182e+000
9.3191902e+000
1.1528195e+001
1.0922461e+001
1.2357616e+001
1.3552410e+001
1.4295555e+001
1.4174155e+001
1.4142995e+001
1.3139967e+001
1.2101913e+001
1.2730497e+001
1.3598305e+001
1.5670057e+001
1.5075647e+001
1.5661932e+001
1.7187527e+001
1.9330682e+001
1.8584640e+001
1.7053151e+001
1.6839928e+001
1.7332452e+001
1.7009174e+001
1.7831404e+001
1.6417110e+001
1.7560816e+001
1.8539838e+001
1.9032407e+001
2.0290260e+001
2.0884359e+001
2.1338858e+001
1.9921009e+001
1.9001105e+001
1.7552962e+001
1.6071709e+001
1.6169006e+001
1.5942747e+001
1.5625527e+001
1.6259556e+001
1.6298508e+001
1.6282080e+001
1.6731598e+001
1.6209283e+001
1.5154186e+001
1.5106356e+001
1.4607326e+001
1.6234804e+001
1.5995807e+001
1.5034134e+001
1.4881415e+001
1.6564449e+001
1.8119597e+001
1.7069372e+001
1.7166114e+001
1.7417741e+001
1.9664955e+001
1.9975416e+001
2.1966998e+001
2.1847736e+001
2.1575007e+001
2.3019462e+001
2.2945049e+001
2.2582535e+001
2.1805504e+001
2.1555391e+001
2.1136709e+001
2.2551589e+001
2.1704198e+001
2.1870328e+001
2.1822138e+001
1.8844914e+001
1.9851913e+001
2.0736282e+001
2.0330420e+001
1.7711249e+001
1.6742659e+001
1.7297983e+001
1.8057437e+001
1.7485389e+001
1.8643438e+001
1.8335438e+001
1.8338609e+001
1.6932548e+001
1.8556642e+001
1.8696262e+001
1.6879619e+001
1.4090468e+001
1.4352882e+001
1.4472105e+001
1.4804412e+001
1.4357865e+001
1.4363106e+001
1.4157037e+001
1.4206582e+001
1.5132539e+001
1.5483305e+001
1.4687545e+001
1.4065304e+001
1.5495186e+001
1.3410280e+001
1.3443976e+001
1.3428304e+001
1.2874006e+001
1.1710408e+001
1.1810440e+001
1.2288700e+001
1.4063369e+001
1.3592820e+001
1.2667544e+001
1.2669091e+001
1.3306390e+001
1.1737442e+001
1.2437623e+001
1.3411378e+001
1.3340901e+001
1.3307220e+001
1.3609689e+001
1.2953064e+001
1.2900856e+001
1.3674027e+001
1.3354175e+001
1.2233586e+001
1.3694209e+001
1.4103272e+001
1.5235857e+001
1.5805884e+001
1.4888166e+001
1.6589127e+001
1.6564327e+001
1.5794561e+001
1.4957035e+001
1.4865275e+001
1.5495407e+001
1.5879948e+001
1.5270037e+001
1.4856360e+001
1.5974449e+001
1.5274117e+001
1.4924049e+001
1.6740831e+001
1.5100727e+001
1.5377790e+001
1.4703273e+001
1.4907169e+001
1.6214549e+001
1.6676643e+001
1.7965110e+001
1.7009007e+001
1.8204739e+001
1.7799167e+001
1.7195788e+001
1.9029402e+001
1.8064134e+001
1.7667175e+001
1.7757007e+001
1.8020967e+001
1.8313135e+001
1.9094889e+001
1.9498900e+001
1.9173472e+001
1.8799610e+001
1.8505337e+001
1.6787442e+001
1.6733509e+001
1.6951369e+001
1.9124601e+001
1.9697018e+001
2.0512033e+001
1.9433181e+001
1.8853284e+001
1.6977568e+001
1.7895059e+001
1.7348120e+001
1.6743015e+001
1.6768281e+001
1.7029771e+001
1.7773260e+001
1.7611255e+001
1.8046961e+001
1.8908228e+001
1.8972304e+001
1.7245045e+001
1.7961086e+001
1.7997718e+001
1.7812844e+001
1.6998101e+001
1.7988071e+001
1.6206379e+001
1.6162348e+001
1.7052554e+001
1.6596419e+001
1.4692715e+001
1.4300608e+001
1.3193605e+001
1.4951087e+001
1.4231881e+001
1.4011951e+001
1.4586963e+001
1.4757109e+001
1.4261332e+001
1.5464018e+001
1.5351960e+001
1.5914777e+001
1.5884119e+001
1.4561269e+001
1.3478276e+001
1.3635791e+001
1.2169396e+001
1.2842948e+001
1.3205478e+001
1.3812013e+001
1.3886207e+001
1.4966723e+001
1.4304304e+001
1.4779703e+001
1.6023984e+001
1.6053626e+001
1.6745326e+001
1.6059725e+001
1.6016593e+001
1.4468942e+001
1.3397131e+001
1.3176037e+001
1.1500271e+001
9.8021324e+000
9.6936099e+000
9.3928401e+000
8.0245235e+000
8.7622635e+000
8.3579425e+000
9.2147230e+000
1.2558433e+001
1.3184884e+001
1.4464489e+001
1.3723252e+001
1.4757365e+001
1.4139141e+001
1.4562904e+001
1.5457798e+001
1.5220322e+001
1.5092386e+001
1.6111862e+001
1.7860294e+001
1.8847754e+001
1.8427676e+001
1.8094006e+001
1.7236245e+001
1.6464660e+001
1.7929000e+001
1.9020841e+001
1.8804036e+001
2.0223963e+001
2.0850815e+001
2.3072332e+001
2.1779936e+001
2.2950258e+001
2.1771398e+001
2.1203503e+001
2.2380804e+001
2.2606515e+001
2.3364122e+001
2.2515751e+001
2.4375271e+001
2.4339314e+001
2.6930827e+001
2.6239563e+001
2.4663029e+001
2.4052900e+001
2.4429596e+001
2.5702414e+001
2.5110650e+001
2.7360251e+001
2.7343926e+001
2.8079681e+001
2.7438826e+001
2.8883169e+001
2.7724158e+001
2.8410469e+001
2.9140872e+001
2.9655378e+001
3.1351199e+001
3.0674870e+001
3.4087625e+001
3.3692880e+001
3.4898752e+001
3.5206554e+001
3.4720124e+001
3.4389094e+001
3.5165782e+001
3.4833098e+001
3.6929443e+001
3.7318230e+001
3.6665713e+001
3.6608950e+001
3.7031485e+001
3.6956608e+001
3.7743301e+001
3.7606235e+001
3.8242702e+001
3.9820765e+001
3.9789871e+001
4.0106195e+001
4.2090964e+001
4.1445927e+001
4.1759203e+001
4.3351573e+001
4.2378390e+001
4.1230649e+001
3.9746150e+001
3.8780062e+001
3.8740405e+001
3.6618456e+001
3.4782035e+001
3.3240021e+001
3.3004625e+001
3.4204046e+001
3.4170874e+001
3.3629509e+001
3.3562094e+001
3.5818104e+001
3.6030470e+001
3.6218878e+001
3.6503617e+001
3.4974045e+001
3.2603808e+001
3.0571736e+001
3.1791986e+001
3.1427201e+001
3.0794439e+001
3.0571885e+001
3.0752465e+001
3.1649576e+001
3.0419088e+001
3.0544460e+001
3.1351847e+001
3.0286501e+001
2.8277386e+001
2.8520551e+001
2.8670016e+001
3.1277804e+001
3.1224582e+001
3.1209882e+001
3.0693153e+001
3.1900471e+001
3.2011259e+001
3.3704731e+001
3.4162034e+001
3.5229152e+001
3.5101578e+001
3.5289623e+001
3.4836362e+001
3.4216271e+001
3.2290918e+001
3.0865451e+001
3.1133445e+001
3.0770829e+001
2.9786752e+001
3.1151750e+001
3.2018702e+001
3.1589756e+001
3.2561539e+001
3.1418087e+001
3.3465739e+001
3.3473544e+001
3.4220304e+001
3.4759900e+001
3.4068104e+001
3.5152167e+001
3.5781541e+001
3.5025482e+001
3.5264310e+001
3.4061036e+001
3.3752811e+001
3.2214897e+001
3.1594636e+001
3.1379796e+001
3.2461775e+001
3.2290769e+001
3.1480479e+001
3.1474766e+001
3.0311830e+001
2.9664774e+001
3.1237060e+001
3.1367264e+001
3.0563014e+001
3.0460579e+001
2.9792993e+001
2.9087324e+001
2.8867222e+001
2.8416577e+001
2.8557425e+001
3.0138776e+001
2.9841715e+001
2.9490462e+001
3.0363007e+001
3.1184225e+001
3.1781503e+001
3.1821146e+001
3.0694643e+001
3.1377066e+001
3.1105175e+001
3.1269215e+001
3.0795888e+001
3.1247661e+001
3.0976585e+001
3.0405423e+001
2.8988811e+001
2.7931869e+001
2.9698521e+001
3.1806300e+001
3.0783776e+001
3.0671680e+001
3.0734580e+001
3.0295269e+001
3.2130288e+001
3.2690224e+001
3.2070279e+001
3.0823361e+001
3.0918514e+001
3.0984921e+001
2.9612704e+001
3.0287751e+001
3.0344408e+001
3.1667603e+001
3.1435114e+001
3.1950159e+001
3.1298168e+001
3.1312215e+001
3.2525160e+001
3.3936054e+001
3.4022582e+001
3.6567932e+001
3.6482169e+001
3.7768998e+001
3.8016658e+001
3.7684633e+001
3.9528815e+001
3.9815901e+001
3.9546661e+001
3.9364442e+001
3.9691643e+001
3.9685306e+001
3.9749679e+001
3.9581332e+001
3.8619608e+001
3.8591641e+001
3.7049657e+001
3.6891253e+001
3.6982393e+001
3.7319006e+001
3.8238037e+001
3.7066566e+001
3.5853549e+001
3.7869660e+001
4.0573855e+001
4.1489369e+001
4.0921323e+001
4.1511057e+001
4.1703947e+001
3.9636238e+001
3.9705182e+001
3.9582943e+001
4.0036913e+001
4.0128890e+001
3.6626224e+001
3.5494644e+001
3.4026869e+001
3.3234420e+001
3.1377205e+001
3.1111621e+001
3.0188175e+001
3.0776061e+001
3.0077565e+001
3.0663427e+001
2.9274566e+001
2.7363056e+001
2.6368940e+001
2.6980953e+001
2.8129692e+001
2.7517852e+001
2.9076031e+001
2.8954024e+001
2.9076376e+001
2.8785803e+001
2.8229996e+001
2.8491749e+001
2.9065215e+001
2.8857940e+001
2.6167295e+001
2.8323118e+001
2.7365689e+001
2.9288355e+001
3.0304652e+001
2.7628746e+001
2.7623518e+001
2.7874535e+001
2.8666551e+001
2.9258799e+001
2.9836267e+001
3.0126970e+001
3.0535975e+001
3.2211101e+001
3.2725681e+001
3.2548729e+001
3.2558425e+001
3.3190141e+001
3.3152644e+001
3.2359912e+001
3.1318514e+001
3.1616879e+001
3.2594336e+001
3.3900567e+001
3.4801974e+001
3.4070526e+001
3.4890284e+001
3.3886660e+001
3.3761728e+001
3.2408438e+001
3.3738947e+001
3.4189571e+001
3.5117042e+001
3.4990146e+001
3.5293990e+001
3.4214941e+001
3.2909904e+001
3.1877759e+001
3.3681385e+001
3.4047959e+001
3.3729318e+001
3.3225756e+001
3.2165760e+001
3.3466592e+001
3.4446767e+001
3.4899363e+001
3.5345187e+001
3.6641860e+001
3.7775440e+001
3.9237218e+001
3.8236804e+001
3.7598321e+001
3.8802486e+001
3.9895550e+001
4.0989000e+001
4.1124415e+001
4.1380103e+001
4.1052842e+001
4.1014979e+001
4.2388703e+001
4.2696544e+001
4.2939997e+001
4.3347061e+001
4.1684702e+001
4.3727298e+001
4.3192099e+001
4.5326638e+001
4.5300855e+001
4.5940924e+001
4.5451805e+001
4.7066512e+001
4.7178610e+001
4.7197537e+001
4.7763826e+001
4.8877152e+001
4.7848752e+001
4.6496964e+001
4.7214136e+001
4.7507241e+001
4.5759974e+001
4.6717992e+001
4.6117829e+001
4.6603615e+001
4.7772151e+001
4.8709667e+001
4.8049693e+001
4.8014609e+001
4.8938828e+001
5.0173894e+001
5.0766214e+001
5.2303709e+001
5.3237006e+001
5.3765307e+001
5.3048302e+001
5.3343595e+001
5.4100106e+001
5.5156783e+001
5.5147219e+001
5.5046880e+001
5.6165851e+001
5.7471413e+001
5.7529171e+001
5.6835762e+001
5.6861236e+001
5.7069065e+001
5.7701107e+001
5.4415743e+001
5.5901416e+001
5.4129890e+001
5.3256724e+001
5.1682236e+001
5.0887040e+001
4.9556684e+001
4.9959383e+001
5.1398621e+001
5.0507083e+001
4.9828492e+001
4.8597195e+001
4.9291708e+001
4.8097422e+001
4.8000275e+001
4.7129083e+001
4.6741251e+001
4.7049793e+001
4.7731031e+001
4.6383952e+001
4.5298695e+001
4.4520879e+001
4.3760174e+001
4.4324537e+001
4.3721090e+001
4.2848517e+001
4.0454157e+001
4.0063072e+001
4.0502589e+001
4.1387226e+001
4.2098454e+001
4.1444082e+001
4.0640873e+001
4.1968421e+001
3.9345616e+001
4.0548593e+001
4.0682211e+001
3.9706599e+001
4.0239658e+001
3.9430738e+001
4.0611599e+001
4.2374236e+001
4.4071203e+001
4.3920109e+001
4.3047727e+001
4.2186979e+001
4.1134640e+001
4.0488372e+001
3.8279174e+001
3.8688074e+001
3.9286326e+001
3.9082905e+001
3.8230942e+001
3.8252783e+001
3.7648675e+001
3.7330456e+001
3.7908041e+001
3.8522706e+001
3.7227634e+001
3.8179828e+001
3.7561274e+001
3.6350683e+001
3.3723463e+001
3.2348759e+001
3.2374378e+001
3.1666347e+001
2.9821118e+001
3.0831787e+001
3.2461875e+001
3.2300825e+001
3.2668786e+001
3.4026154e+001
3.3521610e+001
3.2818325e+001
3.3438896e+001
3.3338661e+001
3.2935082e+001
3.2552434e+001
3.2680547e+001
3.3773923e+001
3.4245629e+001
3.5511872e+001
3.6688699e+001
3.6902295e+001
3.6435337e+001
3.5736399e+001
3.6198176e+001
3.7140696e+001
3.7558315e+001
3.8121995e+001
3.7357558e+001
3.6498335e+001
3.4229793e+001
3.5885646e+001
3.4891397e+001
3.5235196e+001
3.6462676e+001
3.6532032e+001
3.4961146e+001
3.3159062e+001
3.4445152e+001
3.3504358e+001
3.3796265e+001
3.4729989e+001
3.6046459e+001
3.6379140e+001
3.6891221e+001
3.6942115e+001
3.7110826e+001
3.6665991e+001
3.6134497e+001
3.5979077e+001
3.5547197e+001
3.5643440e+001
3.6202290e+001
3.6222659e+001
3.7109805e+001
3.6856941e+001
3.8126072e+001
3.7098196e+001
3.7214917e+001
3.5865118e+001
3.5062917e+001
3.4098349e+001
3.4563528e+001
3.4238102e+001
3.3453924e+001
3.3547298e+001
3.3499073e+001
3.3104661e+001
3.1886520e+001
3.2578981e+001
3.2732118e+001
3.3367592e+001
3.4701649e+001
3.3461287e+001
3.3728629e+001
3.2507217e+001
3.2220022e+001
3.2325367e+001
3.0924023e+001
2.9613855e+001
2.9847753e+001
2.9935568e+001
3.0844003e+001
2.8979852e+001
2.9542976e+001
3.0022712e+001
3.1476796e+001
3.1436378e+001
3.1615488e+001
3.1628016e+001
3.0695591e+001
3.1159652e+001
2.9685841e+001
2.8820042e+001
2.8891639e+001
2.9521957e+001
3.0232015e+001
3.0445082e+001
3.2376094e+001
3.3847441e+001
3.3059136e+001
3.4398180e+001
3.4946947e+001
3.6871645e+001
3.7485010e+001
3.7531892e+001
3.7970237e+001
4.0065122e+001
4.0100669e+001
3.7780298e+001
3.5949805e+001
3.4946563e+001
3.3580962e+001
3.2823270e+001
3.2443249e+001
3.1747414e+001
3.0098451e+001
2.9734821e+001
3.0580324e+001
3.0249927e+001
2.9140633e+001
2.9276573e+001
2.8983174e+001
2.9149253e+001
2.9518620e+001
2.7252609e+001
2.7903831e+001
2.8224076e+001
2.7644621e+001
2.8249399e+001
2.8625696e+001
2.9203878e+001
2.7816552e+001
2.7185254e+001
2.6546303e+001
2.5575835e+001
2.5464464e+001
2.6134992e+001
2.7296133e+001
2.8169534e+001
2.8247542e+001
2.7105894e+001
2.6901413e+001
2.7297858e+001
2.7326817e+001
2.7419727e+001
2.6571954e+001
2.4856617e+001
2.4665480e+001
2.5408385e+001
2.5420335e+001
2.5925611e+001
2.5866777e+001
2.6465967e+001
2.7745185e+001
2.6605201e+001
2.5404980e+001
2.4297589e+001
2.5346142e+001
2.6109646e+001
2.5361082e+001
2.5719458e+001
2.4421753e+001
2.4263560e+001
2.6394628e+001
2.6197788e+001
2.6851620e+001
2.7217089e+001
2.6983715e+001
2.5898249e+001
2.3996888e+001
2.3618009e+001
2.2820823e+001
2.1630999e+001
2.2319742e+001
2.1545371e+001
2.1759456e+001
2.2175056e+001
2.1876105e+001
2.2261679e+001
2.3903364e+001
2.2442371e+001
2.1828583e+001
2.1287694e+001
1.9791664e+001
1.9765748e+001
2.0553282e+001
2.2755650e+001
2.4142575e+001
2.5282435e+001
2.4214887e+001
2.4983997e+001
2.6175600e+001
2.6007299e+001
2.6712956e+001
2.5180283e+001
2.6053077e+001
2.4254521e+001
2.2672025e+001
2.2029112e+001
2.1928526e+001
2.4021222e+001
2.4851727e+001
2.4698738e+001
2.5618373e+001
2.5729641e+001
2.5109213e+001
2.4724947e+001
2.4559530e+001
2.5121093e+001
2.5407070e+001
2.5915296e+001
2.6579940e+001
2.4450631e+001
2.5457463e+001
2.5375851e+001
2.5746600e+001
2.6909150e+001
2.7423731e+001
2.7385860e+001
2.9288850e+001
3.0165990e+001
2.9710897e+001
3.0181429e+001
3.0021932e+001
3.2836841e+001
3.2057489e+001
3.3720972e+001
3.3057314e+001
3.2370749e+001
3.1856654e+001
3.0855190e+001
3.1214030e+001
3.0781642e+001
3.1104317e+001
3.1924729e+001
3.0052772e+001
2.8414844e+001
2.9709209e+001
2.9169690e+001
2.8223345e+001
2.7829585e+001
2.7999186e+001
2.6788266e+001
2.6845441e+001
2.7286430e+001
2.7256495e+001
2.7203181e+001
2.5748626e+001
2.5037529e+001
2.3886814e+001
2.3993114e+001
2.3662738e+001
2.3183852e+001
2.2561197e+001
2.2253755e+001
2.1331656e+001
2.0960644e+001
1.9495620e+001
1.9678187e+001
1.8708530e+001
1.7393177e+001
1.8310721e+001
1.7323487e+001
1.7769475e+001
1.7725113e+001
1.9858915e+001
1.7829903e+001
1.8379251e+001
1.8971049e+001
1.9708217e+001
1.9751043e+001
1.9654184e+001
2.0785594e+001
1.9803592e+001
1.9065142e+001
1.9106685e+001
1.9478844e+001
1.7625591e+001
1.7809260e+001
1.7947912e+001
1.7886368e+001
1.7710655e+001
1.7202164e+001
1.8788340e+001
2.0447856e+001
1.9598232e+001
1.9979121e+001
2.0179725e+001
2.1010157e+001
2.0916403e+001
2.0457318e+001
2.0506308e+001
1.9143181e+001
1.8930111e+001
1.7109040e+001
1.8576531e+001
1.8112413e+001
1.8845530e+001
2.0803137e+001
1.9943576e+001
1.9608546e+001
1.9019745e+001
1.8708044e+001
1.9674492e+001
1.7771474e+001
1.8879704e+001
1.9595212e+001
1.9781755e+001
2.0408453e+001
2.0053779e+001
2.1400889e+001
2.1519148e+001
2.0936503e+001
2.0567490e+001
2.2005272e+001
2.2072690e+001
2.1844684e+001
2.2331146e+001
2.2245511e+001
2.2617994e+001
2.2464204e+001
2.2979478e+001
2.4337119e+001
2.3924452e+001
2.4588183e+001
2.4172916e+001
2.3826650e+001
2.3765452e+001
2.3494558e+001
2.2911600e+001
2.1500068e+001
2.0433625e+001
2.0989012e+001
2.2471528e+001
2.1231595e+001
2.0747362e+001
2.1532761e+001
2.1437739e+001
2.2633434e+001
2.1879027e+001
2.1469325e+001
1.9698298e+001
1.8690875e+001
1.9879420e+001
2.0180922e+001
1.9705808e+001
2.0011791e+001
1.9382080e+001
1.9915871e+001
1.8105575e+001
1.9201594e+001
1.9337804e+001
1.9922186e+001
1.9270774e+001
1.8025122e+001
1.6744132e+001
1.4808839e+001
1.4944978e+001
1.3441702e+001
1.4625303e+001
1.4045932e+001
1.5303678e+001
1.5249110e+001
1.4222743e+001
1.4331574e+001
1.5914179e+001
1.5518103e+001
1.5206129e+001
1.5603067e+001
1.6096392e+001
1.5665949e+001
1.6269291e+001
1.5553372e+001
1.5404452e+001
1.6548053e+001
1.7489143e+001
1.8977688e+001
1.9597189e+001
2.0377862e+001
1.9717182e+001
2.0134737e+001
2.0716805e+001
2.0560436e+001
2.2120163e+001
2.3522098e+001
2.3159221e+001
2.2035050e+001
2.0466127e+001
2.0606668e+001
1.9738908e+001
1.9083773e+001
2.0278455e+001
1.9382188e+001
1.9708004e+001
1.9089970e+001
1.7857601e+001
1.9003042e+001
1.9870440e+001
2.0579576e+001
2.0750194e+001
2.0692651e+001
2.0703391e+001
2.1493585e+001
2.1491632e+001
2.0742687e+001
1.9944076e+001
2.1408885e+001
2.1524276e+001
1.9900887e+001
1.9388846e+001
1.9043017e+001
1.9574672e+001
2.1070599e+001
2.2429438e+001
2.2365605e+001
2.2118495e+001
2.2603798e+001
2.3289325e+001
2.3695091e+001
2.3758127e+001
2.3046964e+001
2.2251853e+001
2.2193837e+001
2.1508442e+001
2.0400149e+001
2.0595659e+001
1.8994005e+001
1.9042455e+001
1.9981013e+001
1.9947410e+001
1.9190823e+001
1.8600915e+001
1.8564420e+001
1.8238306e+001
1.7228715e+001
1.8041682e+001
1.9036817e+001
1.8835582e+001
1.9603376e+001
1.9397613e+001
2.0898387e+001
1.9859806e+001
1.8763306e+001
1.9671841e+001
2.0434979e+001
2.0514432e+001
2.1350252e+001
2.3079621e+001
2.2541627e+001
2.1689560e+001
2.4005099e+001
2.3482918e+001
2.1130797e+001
2.1599702e+001
2.0515702e+001
2.0236373e+001
1.9492194e+001
1.9205246e+001
2.0024493e+001
2.0644033e+001
2.0076350e+001
1.8881115e+001
2.0990078e+001
2.1293208e+001
1.9796719e+001
2.0377156e+001
2.0467258e+001
2.0217276e+001
2.0769525e+001
2.0179459e+001
1.9996130e+001
1.8382364e+001
1.8519050e+001
1.8370642e+001
1.5750298e+001
1.3198067e+001
1.3930861e+001
1.3161953e+001
1.2993720e+001
1.1832995e+001
1.1713379e+001
1.0712523e+001
1.2191281e+001
1.2921687e+001
1.0760573e+001
1.2219158e+001
1.2060759e+001
1.2370564e+001
1.3383807e+001
1.3791152e+001
1.4934298e+001
1.4080850e+001
1.2947751e+001
1.3289148e+001
1.3338966e+001
1.2387526e+001
1.2320237e+001
1.0635123e+001
1.1311883e+001
1.1568020e+001
1.2232434e+001
1.3407370e+001
1.2745780e+001
1.2294025e+001
1.2195931e+001
1.2882364e+001
1.3946999e+001
1.4339007e+001
1.4284251e+001
1.5434543e+001
1.5032032e+001
1.6460557e+001
1.5278584e+001
1.5043222e+001
1.4641797e+001
1.2332654e+001
1.1578473e+001
1.1438837e+001
1.0976386e+001
1.1742651e+001
1.1214961e+001
1.1854916e+001
1.1437682e+001
1.0338204e+001
1.1460225e+001
1.1856046e+001
1.0841995e+001
1.1100559e+001
1.1065895e+001
1.0666646e+001
1.0057396e+001
1.0566786e+001
1.1590603e+001
1.1240129e+001
1.2654173e+001
1.2975647e+001
1.3996175e+001
1.3468587e+001
1.4013084e+001
1.2208254e+001
1.4403382e+001
1.4195422e+001
1.4909977e+001
1.6163494e+001
1.6936995e+001
1.5817744e+001
1.5545905e+001
1.5257029e+001
1.5641415e+001
1.5796606e+001
1.5877044e+001
1.7834450e+001
1.9794243e+001
2.2037532e+001
2.3175964e+001
2.2287128e+001
2.0537922e+001
1.9777260e+001
2.0484803e+001
2.0419900e+001
2.0340839e+001
2.0176861e+001
2.1448578e+001
2.2474331e+001
2.2356689e+001
2.2878765e+001
2.4433276e+001
2.4213120e+001
2.1349209e+001
2.2415710e+001
1.9369566e+001
1.9555218e+001
1.9471964e+001
1.9160172e+001
1.8486513e+001
1.9089859e+001
2.0366739e+001
2.0925862e+001
2.1360229e+001
2.1210927e+001
2.2202918e+001
2.2780179e+001
2.0639846e+001
2.0991992e+001
2.1477824e+001
2.0990163e+001
2.0929222e+001
2.0263609e+001
2.0121383e+001
1.9970230e+001
2.0288950e+001
1.9170173e+001
1.9653518e+001
2.0162507e+001
1.9307639e+001
1.9343379e+001
1.8987093e+001
1.9836140e+001
1.9971577e+001
2.0731505e+001
1.9253090e+001
1.9472921e+001
1.8267532e+001
1.8475623e+001
1.7796584e+001
1.8433043e+001
1.7624760e+001
1.7705912e+001
1.7852844e+001
1.7623833e+001
1.9302651e+001
2.0540740e+001
1.9878054e+001
1.7884832e+001
1.5646373e+001
1.4785555e+001
1.2658377e+001
1.2412682e+001
1.3063465e+001
1.4546196e+001
1.5115153e+001
1.4442865e+001
1.3066206e+001
1.4286686e+001
1.4115217e+001
1.6925684e+001
1.6861075e+001
1.6289557e+001
1.5751858e+001
1.7190684e+001
1.6500672e+001
1.6819387e+001
1.9155412e+001
1.9754397e+001
1.9995906e+001
2.1194125e+001
2.2105045e+001
2.1941333e+001
2.2386685e+001
2.2160938e+001
2.2082153e+001
2.1263480e+001
2.1120793e+001
2.0909984e+001
2.1718888e+001
2.1529807e+001
2.1483467e+001
2.2865858e+001
2.3835711e+001
2.2773529e+001
2.5175150e+001
2.6822224e+001
2.5783207e+001
2.5981556e+001
2.6429726e+001
2.6517360e+001
2.6916005e+001
2.6240239e+001
2.6732826e+001
2.6693069e+001
2.7414436e+001
2.8363342e+001
2.8740418e+001
2.8908276e+001
3.0449833e+001
3.0749395e+001
3.0900390e+001
3.0815880e+001
3.2307101e+001
3.1787386e+001
3.2102914e+001
3.3388748e+001
3.1912973e+001
3.0915805e+001
3.1435245e+001
3.2070865e+001
3.2172835e+001
3.2724843e+001
3.1182578e+001
3.0758548e+001
2.9762397e+001
2.9049831e+001
2.7374942e+001
2.7637073e+001
2.7338763e+001
2.7981901e+001
2.6255289e+001
2.5360157e+001
2.6162458e+001
2.6600708e+001
2.5349421e+001
2.6099735e+001
2.8724364e+001
2.9558575e+001
3.0415621e+001
3.0140224e+001
3.2122243e+001
3.1326871e+001
3.3102880e+001
3.3459724e+001
3.4548757e+001
3.3297155e+001
3.3439219e+001
3.2681176e+001
3.2733425e+001
3.2397934e+001
3.3873736e+001
3.4492153e+001
3.7126027e+001
3.8374116e+001
3.8704584e+001
3.8804856e+001
3.6704357e+001
3.7850292e+001
3.7704423e+001
3.7556108e+001
3.7839606e+001
3.7849417e+001
3.8504630e+001
3.5738730e+001
3.4819762e+001
3.4420909e+001
3.5660273e+001
3.6152380e+001
3.8208705e+001
3.6678939e+001
3.7075465e+001
3.6736369e+001
3.4450002e+001
3.4756573e+001
3.6313972e+001
3.5654489e+001
3.5779586e+001
3.5348336e+001
3.6106677e+001
3.8139196e+001
3.6635319e+001
3.7313553e+001
3.6660759e+001
3.7979487e+001
4.0005517e+001
3.9723579e+001
3.7363651e+001
3.6681403e+001
3.8530142e+001
3.8201715e+001
3.8313664e+001
3.8103945e+001
3.8393592e+001
3.7342519e+001
3.7852409e+001
3.8626255e+001
3.7531365e+001
3.7533157e+001
3.7293557e+001
3.6701827e+001
3.9016857e+001
3.8791739e+001
3.8088458e+001
3.8850291e+001
3.8111510e+001
3.7027626e+001
3.7993947e+001
3.9257475e+001
3.9624462e+001
3.9399593e+001
3.9131926e+001
3.8441614e+001
3.8888084e+001
3.9630950e+001
4.0895454e+001
3.8766315e+001
3.6721126e+001
3.6104083e+001
3.6292966e+001
3.5167347e+001
3.4671140e+001
3.5496745e+001
3.5842863e+001
3.5209966e+001
3.4738050e+001
3.5103686e+001
3.7584612e+001
3.8667817e+001
3.9547034e+001
3.9869042e+001
3.8936434e+001
3.7846184e+001
3.6294286e+001
3.5026787e+001
3.5993391e+001
3.5952023e+001
3.6251132e+001
3.5778204e+001
3.4898939e+001
3.4732355e+001
3.4447699e+001
3.4514793e+001
3.4379908e+001
3.4159398e+001
3.5131397e+001
3.5206752e+001
3.4676132e+001
3.3547205e+001
3.4433595e+001
3.5041626e+001
3.2506195e+001
3.2565874e+001
3.2171401e+001
3.2441838e+001
3.2986045e+001
3.2208976e+001
3.1836342e+001
3.0006119e+001
3.0175067e+001
2.9539045e+001
3.0718094e+001
3.1218868e+001
3.0045263e+001
2.8799349e+001
2.9431631e+001
2.7679794e+001
2.7724283e+001
2.6953519e+001
2.9186451e+001
2.9090909e+001
3.0229375e+001
2.9581606e+001
2.8927152e+001
2.8345592e+001
2.8625230e+001
2.6679790e+001
2.5349345e+001
2.6113714e+001
2.5021048e+001
2.4810101e+001
2.4540006e+001
2.5053157e+001
2.4011233e+001
2.4702287e+001
2.3579723e+001
2.2190972e+001
2.2106588e+001
2.1573675e+001
2.0556197e+001
2.0806328e+001
2.0272881e+001
2.1288743e+001
2.1058201e+001
2.1656996e+001
2.3521068e+001
2.1603435e+001
2.0387917e+001
2.1679877e+001
2.0501049e+001
2.0432401e+001
2.0668463e+001
2.1511301e+001
1.9899543e+001
1.9627828e+001
1.8831986e+001
1.9140655e+001
1.8984597e+001
1.9408209e+001
2.0176194e+001
2.0251244e+001
1.9462424e+001
2.0619616e+001
1.8951432e+001
1.9377955e+001
1.9823932e+001
2.0221712e+001
2.0226250e+001
1.9875457e+001
1.9825595e+001
1.9015691e+001
1.9091074e+001
1.9929273e+001
1.9180888e+001
2.0363226e+001
2.0009059e+001
1.8262479e+001
1.8011185e+001
1.9484097e+001
2.1721483e+001
2.1462098e+001
2.2653641e+001
2.1775329e+001
2.1833916e+001
2.0928399e+001
2.1810078e+001
2.2329174e+001
2.4879055e+001
2.5717981e+001
2.6053039e+001
2.5598772e+001
2.5379334e+001
2.5534619e+001
2.4629761e+001
2.3608726e+001
2.3172784e+001
2.4510998e+001
2.5580611e+001
2.6454317e+001
2.6500806e+001
2.7308939e+001
2.8700509e+001
2.9087290e+001
2.9485632e+001
3.1783731e+001
3.2504728e+001
3.1676192e+001
3.1608138e+001
3.1663829e+001
3.1723185e+001
3.2064308e+001
3.0433569e+001
3.0988099e+001
3.0783382e+001
3.0608041e+001
3.0281411e+001
3.0010849e+001
3.0219001e+001
2.8925838e+001
2.8794389e+001
2.8001871e+001
2.8752548e+001
2.8535973e+001
2.8866656e+001
2.8947060e+001
2.8731466e+001
2.9372910e+001
3.0502992e+001
2.9188053e+001
2.9511296e+001
2.8721080e+001
2.8388081e+001
2.8711960e+001
3.0323217e+001
3.0640767e+001
2.8638610e+001
3.1014627e+001
3.1082338e+001
3.0752720e+001
3.1410225e+001
3.2968972e+001
3.2937796e+001
3.4342191e+001
3.4696621e+001
3.3658519e+001
3.3317272e+001
3.3233496e+001
3.4103959e+001
3.4761643e+001
3.4492844e+001
3.4572979e+001
3.4519664e+001
3.4540923e+001
3.4307027e+001
3.4933959e+001
3.6125720e+001
3.5794533e+001
3.6595671e+001
3.5019950e+001
3.6059346e+001
3.6275350e+001
3.5357402e+001
3.6240343e+001
3.4957710e+001
3.4576970e+001
3.5110077e+001
3.5112960e+001
3.6705235e+001
3.6021253e+001
3.6086644e+001
3.5001067e+001
3.3121302e+001
3.3578587e+001
3.2903532e+001
3.1254930e+001
3.1349798e+001
3.2290136e+001
3.1826041e+001
3.4039505e+001
3.3886627e+001
3.4701719e+001
3.4894836e+001
3.6678638e+001
3.6458164e+001
3.6626102e+001
3.7434108e+001
3.8830798e+001
3.8160841e+001
3.7222682e+001
3.7818708e+001
3.7971396e+001
3.6521682e+001
3.4785887e+001
3.4574788e+001
3.5760644e+001
3.5955929e+001
3.6196602e+001
3.6799685e+001
3.7399776e+001
3.8180266e+001
3.6949764e+001
3.6216505e+001
3.6439037e+001
3.7023459e+001
3.6189559e+001
3.5643065e+001
3.4907565e+001
3.3682605e+001
3.2596383e+001
3.3976189e+001
3.3901991e+001
3.4222719e+001
3.4532687e+001
3.3627029e+001
3.4362586e+001
3.3711681e+001
3.4516837e+001
3.5111774e+001
3.5357438e+001
3.5449321e+001
3.7347127e+001
3.8016509e+001
3.8341444e+001
3.7902938e+001
3.8376182e+001
3.8150074e+001
3.5865572e+001
3.5239676e+001
3.5407071e+001
3.5386541e+001
3.4377784e+001
3.4304125e+001
3.4918512e+001
3.5545752e+001
3.5648546e+001
3.6401545e+001
3.5589193e+001
3.6541091e+001
3.5357914e+001
3.6451578e+001
3.6515449e+001
3.5626425e+001
3.7411946e+001
3.7469119e+001
3.8453804e+001
3.6879447e+001
3.6205699e+001
3.7320758e+001
3.7809857e+001
3.9950075e+001
4.0226611e+001
3.9262293e+001
3.8387600e+001
3.9651194e+001
3.8156098e+001
3.8749309e+001
3.7858078e+001
3.7230261e+001
3.6813584e+001
3.6705794e+001
3.6753757e+001
3.4621830e+001
3.5391346e+001
3.5436695e+001
3.4924582e+001
3.4103241e+001
3.3937513e+001
3.4683986e+001
3.3714544e+001
3.5064862e+001
3.4260821e+001
3.3214210e+001
3.3101796e+001
3.2751357e+001
3.3129089e+001
3.0335754e+001
2.9641211e+001
2.9182276e+001
2.8827604e+001
2.8938819e+001
2.9054826e+001
2.8149301e+001
2.6700064e+001
2.7904679e+001
2.8613600e+001
2.8747848e+001
2.8922889e+001
2.8604867e+001
2.8990229e+001
3.0314522e+001
3.0188790e+001
3.2207880e+001
3.2006828e+001
3.3181919e+001
3.0665804e+001
3.1914773e+001
3.5001591e+001
3.4758189e+001
3.5812505e+001
3.5412255e+001
3.4750007e+001
3.4336841e+001
3.3271825e+001
3.2164759e+001
3.0704034e+001
3.0361512e+001
3.0286066e+001
2.9645938e+001
2.8152694e+001
2.6863022e+001
2.6894472e+001
2.7741144e+001
2.5236224e+001
2.6237238e+001
2.6919266e+001
2.6825456e+001
2.7273478e+001
2.7549576e+001
2.6220110e+001
2.4938432e+001
2.5999439e+001
2.7135137e+001
2.8185910e+001
2.9957040e+001
2.9943147e+001
2.8809076e+001
2.8641785e+001
2.7814420e+001
2.8146419e+001
2.8736500e+001
2.9789042e+001
2.9179578e+001
3.0174686e+001
3.0461866e+001
3.1594121e+001
3.2950573e+001
3.2658615e+001
3.4259409e+001
3.4028193e+001
3.4778520e+001
3.3514999e+001
3.2499712e+001
3.2311751e+001
3.1486336e+001
3.2140373e+001
3.1754416e+001
3.0629936e+001
3.1008732e+001
3.1573690e+001
3.1189206e+001
3.0550413e+001
2.9655792e+001
2.9239970e+001
3.0375736e+001
2.9910322e+001
2.9282731e+001
2.9175039e+001
3.0714121e+001
3.1298854e+001
3.0221434e+001
3.1301128e+001
3.1868582e+001
3.2824560e+001
3.3052403e+001
3.2989512e+001
3.3150658e+001
3.3520906e+001
3.3640516e+001
3.3512649e+001
3.2731446e+001
3.2321823e+001
3.2428522e+001
3.0982221e+001
3.1745809e+001
3.2417167e+001
3.1328093e+001
3.2493217e+001
3.2772257e+001
3.2208373e+001
3.0336313e+001
3.0948891e+001
3.1553147e+001
3.1439682e+001
3.2339641e+001
3.1799098e+001
3.2472210e+001
3.2760500e+001
3.4057285e+001
3.6068841e+001
3.9107059e+001
3.9467672e+001
3.9360537e+001
3.8426261e+001
3.7064837e+001
3.8556428e+001
3.9619244e+001
3.9699900e+001
3.7885406e+001
3.8195011e+001
3.7647315e+001
3.9289153e+001
3.9453311e+001
3.7943108e+001
3.5873089e+001
3.5919722e+001
3.6143128e+001
3.7529392e+001
3.7184563e+001
3.8525199e+001
3.7000803e+001
3.8688502e+001
3.8343438e+001
3.9405027e+001
3.9721970e+001
4.0005363e+001
3.9774650e+001
3.8266787e+001
3.8445957e+001
3.9221652e+001
3.8652955e+001
3.7865979e+001
3.7586357e+001
3.7702413e+001
3.7550776e+001
3.7319412e+001
3.7576691e+001
3.6627051e+001
3.4746938e+001
3.4319536e+001
3.5252706e+001
3.6960541e+001
3.6014675e+001
3.6172503e+001
3.5896649e+001
3.6727578e+001
3.8899209e+001
3.8247331e+001
3.8100248e+001
3.7725254e+001
3.9855610e+001
4.0549743e+001
4.0707215e+001
4.0944915e+001
4.3257636e+001
4.3693921e+001
4.3853525e+001
4.2831682e+001
4.4222015e+001
4.5339558e+001
4.5704511e+001
4.7086722e+001
4.8418938e+001
4.5686411e+001
4.6806769e+001
4.6886859e+001
4.8198698e+001
4.7773856e+001
4.7154951e+001
4.7130607e+001
4.7031454e+001
4.5726456e+001
4.4233400e+001
4.4860872e+001
4.5274586e+001
4.6227836e+001
4.6954623e+001
4.8770664e+001
5.0855201e+001
5.1604267e+001
5.1618131e+001
5.2305259e+001
5.1446876e+001
5.1332061e+001
5.1062654e+001
5.1162070e+001
5.1722632e+001
5.0724016e+001
4.9645312e+001
4.7081169e+001
4.6859018e+001
4.7188114e+001
4.7675090e+001
4.6514920e+001
4.6380690e+001
4.6667980e+001
4.7037332e+001
4.7163168e+001
4.7354576e+001
4.6732305e+001
4.5924187e+001
4.5051785e+001
4.5191299e+001
4.5800598e+001
4.5712385e+001
4.6053257e+001
4.5890870e+001
4.7012538e+001
4.8409611e+001
4.7143570e+001
4.7033733e+001
4.7680020e+001
4.8982115e+001
5.0128439e+001
5.0912944e+001
4.9834596e+001
4.8012719e+001
4.7600199e+001
4.7781342e+001
4.6610659e+001
4.6172771e+001
4.5708310e+001
4.7788319e+001
4.6796171e+001
4.5739524e+001
4.7582285e+001
4.9538510e+001
5.0326415e+001
4.9156333e+001
4.8757806e+001
4.6959105e+001
4.5944207e+001
4.4998112e+001
4.6093695e+001
4.5306654e+001
4.5616076e+001
4.7165994e+001
4.7603074e+001
4.7068955e+001
4.6546451e+001
4.5808276e+001
4.5202230e+001
4.5593833e+001
4.5666338e+001
4.4511841e+001
4.5954490e+001
4.5744903e+001
4.6091819e+001
4.8087968e+001
4.9120957e+001
5.0719424e+001
4.9445194e+001
4.7311723e+001
4.7708182e+001
4.6982063e+001
4.7020632e+001
4.7132464e+001
4.7496615e+001
4.6356571e+001
4.7271013e+001
4.7515526e+001
4.7638372e+001
4.6808242e+001
4.7908648e+001
4.7895882e+001
4.7833989e+001
4.8083200e+001
4.7895540e+001
4.7991572e+001
4.7922455e+001
4.7884175e+001
4.9104106e+001
4.9411897e+001
4.7714287e+001
4.9126290e+001
4.9063719e+001
5.0457692e+001
4.9813495e+001
4.7335348e+001
4.7735893e+001
4.7286858e+001
4.6533391e+001
4.5796133e+001
4.4747853e+001
4.5390844e+001
4.6166102e+001
4.5046823e+001
4.4093742e+001
4.3863027e+001
4.3026428e+001
4.1349438e+001
4.2070765e+001
4.2742277e+001
4.2774432e+001
4.3637758e+001
4.3168757e+001
4.3361283e+001
4.3852531e+001
4.4119641e+001
4.3239971e+001
4.2504440e+001
4.2116484e+001
4.1416838e+001
3.9846094e+001
4.0601563e+001
4.1130537e+001
4.0532308e+001
4.2014420e+001
4.1956797e+001
4.3253010e+001
4.4322161e+001
4.3982552e+001
4.3455435e+001
4.4512850e+001
4.5095228e+001
4.4362694e+001
4.3578196e+001
4.4672329e+001
4.4174353e+001
4.3516629e+001
4.3481469e+001
4.4244394e+001
4.3984399e+001
4.4859650e+001
4.4552586e+001
4.4088599e+001
4.3647141e+001
4.1665578e+001
4.2661248e+001
4.2564664e+001
4.2445322e+001
4.1532853e+001
4.1504666e+001
4.1857616e+001
4.4671794e+001
4.5971872e+001
4.6482175e+001
4.6148270e+001
4.3980032e+001
4.5824362e+001
4.4670658e+001
4.5161527e+001
4.5926856e+001
4.4659469e+001
4.2650440e+001
4.3690895e+001
4.3547695e+001
4.4566816e+001
4.3730712e+001
4.4074093e+001
4.3799100e+001
4.3860589e+001
4.4646308e+001
4.4768051e+001
4.3372535e+001
4.2737979e+001
4.4581883e+001
4.4433538e+001
4.4246369e+001
4.4401818e+001
4.6255868e+001
4.3976799e+001
4.3310762e+001
4.1536553e+001
4.1594087e+001
4.1125751e+001
4.2036456e+001
4.1555300e+001
4.1843871e+001
4.1544470e+001
4.0906486e+001
4.1322699e+001
4.3591046e+001
4.4022476e+001
4.1561375e+001
4.0205708e+001
3.8601673e+001
4.0247387e+001
4.0419285e+001
4.1195322e+001
4.0247757e+001
4.0173460e+001
3.9730174e+001
3.8605479e+001
3.7000212e+001
3.6433669e+001
3.6699184e+001
3.7492311e+001
3.6888651e+001
3.5101735e+001
3.4556683e+001
3.5736811e+001
3.6676726e+001
3.5520868e+001
3.5429012e+001
3.4573605e+001
3.5190223e+001
3.4944525e+001
3.5064498e+001
3.4809790e+001
3.5641625e+001
3.5199649e+001
3.5134907e+001
3.4118182e+001
3.3897009e+001
3.3668686e+001
3.2365601e+001
3.4096944e+001
3.2113363e+001
3.0950865e+001
3.1752937e+001
3.0809578e+001
3.1748877e+001
3.1507805e+001
3.0249455e+001
2.8664885e+001
2.9755634e+001
3.0374314e+001
3.0822944e+001
3.0999370e+001
2.9642360e+001
3.0835805e+001
3.1463353e+001
3.0333219e+001
2.9677809e+001
2.9315354e+001
2.8744583e+001
2.7092476e+001
2.4704244e+001
2.4316343e+001
2.2540090e+001
2.2265358e+001
2.4368403e+001
2.3841349e+001
2.4908086e+001
2.5443530e+001
2.4862312e+001
2.5809488e+001
2.6168529e+001
2.6160562e+001
2.7435981e+001
2.8025805e+001
3.1012058e+001
3.0651739e+001
3.0402881e+001
3.1190870e+001
3.0181219e+001
3.0719032e+001
3.1629660e+001
3.1242814e+001
3.2446287e+001
3.4418850e+001
3.3095391e+001
3.3593703e+001
3.4142292e+001
3.4234376e+001
3.3262008e+001
3.4962091e+001
3.6106654e+001
3.6968520e+001
3.8229141e+001
3.9859566e+001
3.8362067e+001
3.7698448e+001
3.7017806e+001
3.6248060e+001
3.5183210e+001
3.4836974e+001
3.4184542e+001
3.5498558e+001
3.5610355e+001
3.6310810e+001
3.8444134e+001
3.7406201e+001
3.7879351e+001
3.7328062e+001
3.8190574e+001
3.6638834e+001
3.7184929e+001
3.6298180e+001
3.6028036e+001
3.6475186e+001
3.8061598e+001
3.7885130e+001
3.8326031e+001
3.8971555e+001
3.7335987e+001
3.4838826e+001
3.3963218e+001
3.4631846e+001
3.4425549e+001
3.6065952e+001
3.5285969e+001
3.4941391e+001
3.6231784e+001
3.7072502e+001
3.6544824e+001
3.6033520e+001
3.6366081e+001
3.6341693e+001
3.5679719e+001
3.4514156e+001
3.3621187e+001
3.2224165e+001
3.2631002e+001
3.1263383e+001
3.0081810e+001
3.1642090e+001
3.3798573e+001
3.6094158e+001
3.5451071e+001
3.4045308e+001
3.5361164e+001
3.3919179e+001
3.4118487e+001
3.5247189e+001
3.5705542e+001
3.4390974e+001
3.4120247e+001
3.5219268e+001
3.5548458e+001
3.5682160e+001
3.5309640e+001
3.5511447e+001
3.6949941e+001
3.6991060e+001
3.8534925e+001
3.9201521e+001
3.9724863e+001
3.9217170e+001
3.8375738e+001
3.8133500e+001
3.8127796e+001
3.9078972e+001
4.0508151e+001
4.0224259e+001
3.8778434e+001
3.7734511e+001
3.9711614e+001
3.9014777e+001
3.7503396e+001
3.7301526e+001
3.7353464e+001
3.7269489e+001
3.4926792e+001
3.3869502e+001
3.3696049e+001
3.1621986e+001
3.3174025e+001
3.1790048e+001
3.1151989e+001
3.0440075e+001
3.1421992e+001
3.1980358e+001
3.1874306e+001
3.1402850e+001
3.1469029e+001
3.2795155e+001
3.3152026e+001
3.2613170e+001
3.3744189e+001
3.3316812e+001
3.2823488e+001
3.2824067e+001
3.5453656e+001
3.8084602e+001
3.8207298e+001
3.9145845e+001
3.9173277e+001
3.9191445e+001
3.8895339e+001
3.7501929e+001
3.5760092e+001
3.4643707e+001
3.5241584e+001
3.6837651e+001
3.7407034e+001
3.5660954e+001
3.5360578e+001
3.3768579e+001
3.5184148e+001
3.4887225e+001
3.3725156e+001
3.4464478e+001
3.4568089e+001
3.5678105e+001
3.6314275e+001
3.5582331e+001
3.5033131e+001
3.3927615e+001
3.4880832e+001
3.6278126e+001
3.5251783e+001
3.5185144e+001
3.4307436e+001
3.3006022e+001
3.2492220e+001
3.3735951e+001
3.5920987e+001
3.6976967e+001
3.6585448e+001
3.6036306e+001
3.6079429e+001
3.5635279e+001
3.6809843e+001
3.5932318e+001
3.6565038e+001
3.4569525e+001
3.4265741e+001
3.5882248e+001
3.5414971e+001
3.5206359e+001
3.4804397e+001
3.3416821e+001
3.4135712e+001
3.3980220e+001
3.3541773e+001
3.5320402e+001
3.3556831e+001
3.4564349e+001
3.6240183e+001
3.6080659e+001
3.5204465e+001
3.6905462e+001
3.5951320e+001
3.6198714e+001
3.5221970e+001
3.7055390e+001
3.7241405e+001
3.7829267e+001
3.7533755e+001
3.9240794e+001
3.9682107e+001
3.9726369e+001
3.9847147e+001
3.9320435e+001
3.9588390e+001
3.9261147e+001
3.9409057e+001
4.2743426e+001
4.2218533e+001
4.1474527e+001
4.2382377e+001
4.1876146e+001
4.1516531e+001
3.9001594e+001
3.9644844e+001
3.8325039e+001
3.8758849e+001
3.9354646e+001
4.0109031e+001
3.9872942e+001
3.8937107e+001
3.9408720e+001
4.0544983e+001
3.9316657e+001
3.7519131e+001
3.6412028e+001
3.5671336e+001
3.7296702e+001
3.4432034e+001
3.4204251e+001
3.3882203e+001
3.3307011e+001
3.2555541e+001
3.1551213e+001
3.2832219e+001
3.3276063e+001
3.2457753e+001
3.1773272e+001
3.1085397e+001
3.1809291e+001
3.1737876e+001
3.1973949e+001
3.1336612e+001
3.0383571e+001
3.1540553e+001
3.1325420e+001
3.2348099e+001
3.2791316e+001
3.2002742e+001
3.3312671e+001
3.3480009e+001
3.4226471e+001
3.3348179e+001
3.3207991e+001
3.3533351e+001
3.3721453e+001
3.3633863e+001
3.2697273e+001
3.3503944e+001
3.2840445e+001
3.2184949e+001
3.1818090e+001
3.2699732e+001
3.3438889e+001
3.2898643e+001
3.3052602e+001
3.2565868e+001
3.1494453e+001
3.1179927e+001
3.2064493e+001
3.2282317e+001
3.2313570e+001
3.4117697e+001
3.2783535e+001
3.2210725e+001
3.1372174e+001
2.9977378e+001
3.1236542e+001
3.2667091e+001
3.2239299e+001
3.0428528e+001
3.1874024e+001
3.1089285e+001
3.2177990e+001
3.3306323e+001
3.3300527e+001
3.1491947e+001
3.1564038e+001
3.2085857e+001
3.3924218e+001
3.3648450e+001
3.3591806e+001
3.4444204e+001
3.4453842e+001
3.5137162e+001
3.6666495e+001
3.6740446e+001
3.7886813e+001
3.8226043e+001
3.8058338e+001
3.8606836e+001
3.8117435e+001
3.9053358e+001
3.8904918e+001
3.9409447e+001
3.7314671e+001
3.8158243e+001
3.7174702e+001
3.6253116e+001
3.6537647e+001
3.7789825e+001
3.8955105e+001
3.8903488e+001
4.0110976e+001
4.2347939e+001
4.1655822e+001
4.1460251e+001
4.0309415e+001
3.9816129e+001
3.8961511e+001
3.7954752e+001
3.9552229e+001
4.0607589e+001
3.9608383e+001
3.9528145e+001
4.0954319e+001
4.1289351e+001
4.2646217e+001
4.1028357e+001
4.1421669e+001
4.2004834e+001
4.1238309e+001
4.2819194e+001
4.3312916e+001
4.1111403e+001
3.9700771e+001
4.0937112e+001
4.0969089e+001
4.2181224e+001
4.2079869e+001
4.2528806e+001
4.1133416e+001
4.0587102e+001
4.0254845e+001
4.1388503e+001
4.0924061e+001
4.1040925e+001
4.1054747e+001
4.0405487e+001
4.1555205e+001
4.2962474e+001
4.3258249e+001
4.3834354e+001
4.4556537e+001
4.3284443e+001
4.4535455e+001
4.2551998e+001
4.1545817e+001
4.0961996e+001
4.1356633e+001
4.1686888e+001
4.1101224e+001
3.9775566e+001
4.0338705e+001
3.9696507e+001
4.0304726e+001
4.0821356e+001
4.2070145e+001
4.0975709e+001
4.0201771e+001
4.0566358e+001
3.9449075e+001
3.8779584e+001
3.8694581e+001
3.8404220e+001
3.9166720e+001
3.8462539e+001
3.8971120e+001
3.8373773e+001
3.7407327e+001
3.9068186e+001
3.8973038e+001
3.8811348e+001
3.8191287e+001
3.7784330e+001
3.8836378e+001
3.8115489e+001
3.7217664e+001
3.6810917e+001
3.5222666e+001
3.5535085e+001
3.4868733e+001
3.7107274e+001
3.7923331e+001
3.6893864e+001
3.8898873e+001
3.8919749e+001
3.8277096e+001
3.7521985e+001
3.7651955e+001
3.7579993e+001
3.8470906e+001
3.8550624e+001
3.8690931e+001
3.7456616e+001
3.6644067e+001
3.6196793e+001
3.7834403e+001
3.6061077e+001
3.5020138e+001
3.4610842e+001
3.4354868e+001
3.3987545e+001
3.2620020e+001
3.5116755e+001
3.6148382e+001
3.4168937e+001
3.4054141e+001
3.5858003e+001
3.6372061e+001
3.6730056e+001
3.7269617e+001
3.7149438e+001
3.6184249e+001
3.6952426e+001
3.9287672e+001
3.7846085e+001
3.8149224e+001
3.8731846e+001
3.9736458e+001
3.9845531e+001
4.0539921e+001
4.2650375e+001
4.2793187e+001
4.1396746e+001
3.9672588e+001
3.8877452e+001
3.9528010e+001
4.0176043e+001
4.0959818e+001
4.0568085e+001
3.8939772e+001
3.9978312e+001
4.0195142e+001
3.9709302e+001
4.0624841e+001
4.1263938e+001
4.0696083e+001
4.1268266e+001
4.1537234e+001
4.1529172e+001
3.9387590e+001
3.8366661e+001
3.7766723e+001
3.8887624e+001
3.8986059e+001
3.9196404e+001
3.8447649e+001
3.7169543e+001
3.7762796e+001
3.8415639e+001
3.7744443e+001
3.6946272e+001
3.6169728e+001
3.5914873e+001
3.6873324e+001
3.7106273e+001
3.5735147e+001
3.5803067e+001
3.6881792e+001
3.7175386e+001
3.7737278e+001
3.8916905e+001
3.8528844e+001
3.8359007e+001
3.8179004e+001
3.8189274e+001
3.8066839e+001
3.8150168e+001
3.9331467e+001
3.8085750e+001
3.7302793e+001
3.6728773e+001
3.6347298e+001
3.5512257e+001
3.4071307e+001
3.3897630e+001
3.3386111e+001
3.3412890e+001
3.2965240e+001
3.3261830e+001
3.2395439e+001
3.1185866e+001
3.1174981e+001
3.2369934e+001
3.1395981e+001
3.1320388e+001
3.2120718e+001
3.1801346e+001
3.2668783e+001
3.2495929e+001
3.3898955e+001
3.1691026e+001
3.0349742e+001
3.0058854e+001
3.0546628e+001
3.1524685e+001
3.2560755e+001
3.3828964e+001
3.5183713e+001
3.6006669e+001
3.6331232e+001
3.5530895e+001
3.6252248e+001
3.6964601e+001
3.5310322e+001
3.5255259e+001
3.5599266e+001
3.6032697e+001
3.4955911e+001
3.4494320e+001
3.5074301e+001
3.5359566e+001
3.5093724e+001
3.4967616e+001
3.4970532e+001
3.3147080e+001
3.3503693e+001
3.4829847e+001
3.2772971e+001
3.2869923e+001
3.2861951e+001
3.3618384e+001
3.3048201e+001
3.2784492e+001
3.3195349e+001
3.3138443e+001
3.4248419e+001
3.5586773e+001
3.5189404e+001
3.5674013e+001
3.5176031e+001
3.6425965e+001
3.4596520e+001
3.3906245e+001
3.6951074e+001
3.7546803e+001
3.8361737e+001
3.9272670e+001
3.9009475e+001
3.8636138e+001
3.8889367e+001
3.9221596e+001
3.9107909e+001
3.7178471e+001
3.8137513e+001
3.7562350e+001
3.8515234e+001
3.8482531e+001
3.8466116e+001
3.7898409e+001
3.6307186e+001
3.5895160e+001
3.6821797e+001
3.5008233e+001
3.5816073e+001
3.5981028e+001
3.5473183e+001
3.6061964e+001
3.5332777e+001
3.4422368e+001
3.4206286e+001
3.4675900e+001
3.4874047e+001
3.5269672e+001
3.7005540e+001
3.8166664e+001
4.0082511e+001
4.2716059e+001
4.1050560e+001
4.0351619e+001
4.0325664e+001
4.1817354e+001
4.2630726e+001
4.4219119e+001
4.4755024e+001
4.4020011e+001
4.3652626e+001
4.3422295e+001
4.2889236e+001
4.2585789e+001
4.2549218e+001
4.1508581e+001
4.2561547e+001
4.2942346e+001
4.2656965e+001
4.2299217e+001
4.2065147e+001
4.2259032e+001
4.2956905e+001
4.2909550e+001
4.2557116e+001
4.1920040e+001
4.1407182e+001
4.1942545e+001
4.3058570e+001
4.4286107e+001
4.3630435e+001
4.2159050e+001
4.3473987e+001
4.3509601e+001
4.4728571e+001
4.5437818e+001
4.6525339e+001
4.6816262e+001
4.6210455e+001
4.2635277e+001
4.1989741e+001
4.1896607e+001
4.0519802e+001
3.9938440e+001
3.9393956e+001
3.9840317e+001
3.9759277e+001
4.1974477e+001
4.2798211e+001
4.2171301e+001
4.1497098e+001
4.2073617e+001
4.2131280e+001
4.2871700e+001
4.3581433e+001
4.2729737e+001
4.3147661e+001
4.3748099e+001
4.2574499e+001
4.2494931e+001
4.2401616e+001
3.9436138e+001
3.8860986e+001
3.9805121e+001
3.8072583e+001
3.8037160e+001
3.7735935e+001
3.7193237e+001
3.5579098e+001
3.5799060e+001
3.6419708e+001
3.7487157e+001
3.7131078e+001
3.7951425e+001
3.8452180e+001
3.8207508e+001
3.9077739e+001
3.9721652e+001
3.9547103e+001
3.7181192e+001
3.8817049e+001
3.9752624e+001
4.0462939e+001
3.9982120e+001
3.9526738e+001
4.0556184e+001
4.2000800e+001
4.2126897e+001
4.3110187e+001
4.4628138e+001
4.5629199e+001
4.6447261e+001
4.4832212e+001
4.6209459e+001
4.5509650e+001
4.5628976e+001
4.5278425e+001
4.5192774e+001
4.3503156e+001
4.2567080e+001
4.2482703e+001
4.3262564e+001
4.4461594e+001
4.3612243e+001
4.3773258e+001
4.4830314e+001
4.4732290e+001
4.5425868e+001
4.4421534e+001
4.3869294e+001
4.5038629e+001
4.3090295e+001
4.2688696e+001
4.2752655e+001
4.0765846e+001
4.1761465e+001
4.1987550e+001
4.2872711e+001
4.2620976e+001
4.3550602e+001
4.3562597e+001
4.2525067e+001
4.1635529e+001
4.2513515e+001
4.3163684e+001
4.3270841e+001
4.3253674e+001
4.3066429e+001
4.2432253e+001
4.3823677e+001
4.4507481e+001
4.3130376e+001
4.1554950e+001
4.2486095e+001
4.2546365e+001
4.2178847e+001
4.2708402e+001
4.0828476e+001
4.0612308e+001
4.1236404e+001
3.9157384e+001
3.9286292e+001
3.9138775e+001
3.7796187e+001
3.6518435e+001
3.8315728e+001
3.7251411e+001
3.7930908e+001
3.8656714e+001
4.0201398e+001
3.9338302e+001
3.8507784e+001
3.6538973e+001
3.5261029e+001
3.4760602e+001
3.5143803e+001
3.5688527e+001
3.5111805e+001
3.4567536e+001
3.3198981e+001
3.3995557e+001
3.4699084e+001
3.4938586e+001
3.6019728e+001
3.6191286e+001
3.8274960e+001
3.8640144e+001
4.0168471e+001
4.1396018e+001
4.4294579e+001
4.1720657e+001
4.0695703e+001
4.2278303e+001
4.3979003e+001
4.3734158e+001
4.0377912e+001
4.0006934e+001
4.1398083e+001
4.1191076e+001
4.2861650e+001
4.4041782e+001
4.3154878e+001
4.1576894e+001
4.2522330e+001
4.3624312e+001
4.3268293e+001
4.1375856e+001
4.1866430e+001
4.2568187e+001
4.2274631e+001
4.1687806e+001
4.0461070e+001
4.3480524e+001
4.5089780e+001
4.5185376e+001
4.5169905e+001
4.3842431e+001
4.3333646e+001
4.2354148e+001
4.1021876e+001
4.1783317e+001
4.2465588e+001
4.2169645e+001
4.1645117e+001
4.1224644e+001
4.0573712e+001
4.0784721e+001
4.1712469e+001
4.1551561e+001
4.1761118e+001
4.1509831e+001
4.1616717e+001
4.1526229e+001
4.3046516e+001
4.2781580e+001
4.2721208e+001
4.2763844e+001
4.2197424e+001
4.0986949e+001
3.9022769e+001
3.7873733e+001
3.8073692e+001
3.8476278e+001
3.7928472e+001
3.7799530e+001
4.0456842e+001
4.1288001e+001
3.9739524e+001
4.1422278e+001
4.3584619e+001
4.2455196e+001
4.2457302e+001
4.2072699e+001
4.0120367e+001
3.9581180e+001
3.9892285e+001
3.9362506e+001
3.8930149e+001
3.9148068e+001
3.9323630e+001
3.8328129e+001
3.9075970e+001
4.0407652e+001
4.1078902e+001
4.0890784e+001
4.1231791e+001
3.9866170e+001
4.1757825e+001
4.1190637e+001
4.1144477e+001
3.9835680e+001
4.1126919e+001
4.1708352e+001
4.0949008e+001
4.3378931e+001
4.2387083e+001
4.4215162e+001
4.4495860e+001
4.5707598e+001
4.6564290e+001
4.6143869e+001
4.6620461e+001
4.6937682e+001
4.6012712e+001
4.4527866e+001
4.4906207e+001
4.4103400e+001
4.4689311e+001
4.4218971e+001
4.3980005e+001
4.4363542e+001
4.5344858e+001
4.3691980e+001
4.3100159e+001
4.3420870e+001
4.5161813e+001
4.6369172e+001
4.6559353e+001
4.6753685e+001
4.6687934e+001
4.7449212e+001
4.7389164e+001
4.6385778e+001
4.5843938e+001
4.5747437e+001
4.3067639e+001
4.1705264e+001
4.1194378e+001
4.1357640e+001
4.0044683e+001
3.8585468e+001
4.0165133e+001
3.9554458e+001
3.7595161e+001
3.9146640e+001
3.9212653e+001
3.9672854e+001
3.9762341e+001
3.9722975e+001
4.0219344e+001
3.9354486e+001
4.0414294e+001
3.9877787e+001
3.8726040e+001
3.8886601e+001
3.8718751e+001
3.9880284e+001
3.8545745e+001
3.7890028e+001
3.8453493e+001
3.8985064e+001
3.9464752e+001
3.8883198e+001
3.8344022e+001
3.9324987e+001
4.0450873e+001
4.2168617e+001
4.2839257e+001
4.1688422e+001
4.1372652e+001
4.1567371e+001
4.2482098e+001
4.1915760e+001
4.2167211e+001
4.1420099e+001
4.1401961e+001
4.0990563e+001
4.1322825e+001
3.9748853e+001
3.9078737e+001
3.9602957e+001
3.9723304e+001
3.8907430e+001
3.9137031e+001
3.9350822e+001
3.9572021e+001
3.9857997e+001
4.0765374e+001
4.0518133e+001
4.0255889e+001
3.9176041e+001
3.9810168e+001
3.8506991e+001
3.7191254e+001
3.8832200e+001
3.8802147e+001
3.8826359e+001
3.8073419e+001
3.8137346e+001
3.8572151e+001
3.9951222e+001
4.0566192e+001
4.0698858e+001
4.0692684e+001
4.1876006e+001
4.2370638e+001
4.2905944e+001
4.2413948e+001
4.1652066e+001
4.1261910e+001
4.1218763e+001
3.8111798e+001
3.9086562e+001
4.0996364e+001
4.0716443e+001
4.1352500e+001
4.1161240e+001
4.2070476e+001
4.3086707e+001
4.3562152e+001
4.3970697e+001
4.5422152e+001
4.4164967e+001
4.3775140e+001
4.4067670e+001
4.5759118e+001
4.6160447e+001
4.7238917e+001
4.8799013e+001
4.8612534e+001
4.7496214e+001
4.7464312e+001
4.9524670e+001
5.0430457e+001
5.1044032e+001
5.2708395e+001
5.4303778e+001
5.5328192e+001
5.5247084e+001
5.6661213e+001
5.6827710e+001
5.6397707e+001
5.2598850e+001
5.1899705e+001
5.1542386e+001
4.8921297e+001
4.9087066e+001
4.8375344e+001
4.9004368e+001
5.0613780e+001
5.1333943e+001
5.1140698e+001
4.9401917e+001
4.8132811e+001
4.7034727e+001
4.8721250e+001
4.7893438e+001
4.7752996e+001
4.7515370e+001
4.8407928e+001
4.8730405e+001
4.7237839e+001
4.8552263e+001
4.6858431e+001
4.7919809e+001
4.7603970e+001
4.7248290e+001
4.6786605e+001
4.8393721e+001
4.9573376e+001
4.9062574e+001
4.8843384e+001
4.7299468e+001
4.6786065e+001
4.7634871e+001
4.7934910e+001
4.7133123e+001
4.7641235e+001
4.6161480e+001
4.6471264e+001
4.6190955e+001
4.4509942e+001
4.3374018e+001
4.3735125e+001
4.3350485e+001
4.3705703e+001
4.4541080e+001
4.5417964e+001
4.5964268e+001
4.6030972e+001
4.7086761e+001
4.5838022e+001
4.4409541e+001
4.5411812e+001
4.5709561e+001
4.4630871e+001
4.4575956e+001
4.5866817e+001
4.5169394e+001
4.5496357e+001
4.4195529e+001
4.4197247e+001
4.3625320e+001
4.2824856e+001
4.2257611e+001
4.1954188e+001
4.0957755e+001
4.0665682e+001
4.0071750e+001
3.9218329e+001
3.6816362e+001
3.7587000e+001
3.6064444e+001
3.5218541e+001
3.5607948e+001
3.5118415e+001
3.5327681e+001
3.4517752e+001
3.3821088e+001
3.2160772e+001
3.2882328e+001
3.4191740e+001
3.2935823e+001
3.3241601e+001
3.3052616e+001
3.4108827e+001
3.5387879e+001
3.4590996e+001
3.5446743e+001
3.4616936e+001
3.5545023e+001
3.4852093e+001
3.5040463e+001
3.3812850e+001
3.2244449e+001
2.9816488e+001
2.8650650e+001
2.8838548e+001
2.8934649e+001
3.0352399e+001
3.0772591e+001
3.1810254e+001
3.2173896e+001
3.0579207e+001
3.0507457e+001
2.8964170e+001
2.7846870e+001
2.8663107e+001
2.9169784e+001
3.0098874e+001
3.0119721e+001
2.9580349e+001
2.9984042e+001
3.0341863e+001
2.8672561e+001
2.8592724e+001
2.9330430e+001
3.0865678e+001
3.2133368e+001
3.4128509e+001
3.4352133e+001
3.3036812e+001
3.3218332e+001
3.1939801e+001
3.0430276e+001
3.0395048e+001
3.0377545e+001
3.0278023e+001
3.0846859e+001
3.1396102e+001
3.1528913e+001
3.0299047e+001
3.1944509e+001
3.2883494e+001
3.1733894e+001
3.4356815e+001
3.6732391e+001
3.6788820e+001
3.6200931e+001
3.5217896e+001
3.3838924e+001
3.3751965e+001
3.2991287e+001
3.2116751e+001
3.1648252e+001
3.1271504e+001
2.9639775e+001
2.8796433e+001
3.0873629e+001
3.2733965e+001
3.2658503e+001
3.0148344e+001
2.7961055e+001
2.8486305e+001
2.7633897e+001
2.7322936e+001
2.8926510e+001
2.9585522e+001
3.0258717e+001
2.9489052e+001
3.0546024e+001
3.0772109e+001
3.1343237e+001
3.0816307e+001
3.1391826e+001
3.2304592e+001
3.2146072e+001
3.2814721e+001
3.1954791e+001
3.3115026e+001
3.3185238e+001
3.2668636e+001
3.1682596e+001
3.1947658e+001
3.1997051e+001
3.2459412e+001
3.2001934e+001
3.2366183e+001
3.3611332e+001
3.4708266e+001
3.3385134e+001
3.3892279e+001
3.5105007e+001
3.4264791e+001
3.4268588e+001
3.4518019e+001
3.3775709e+001
3.3598740e+001
3.4213990e+001
3.4066890e+001
3.3785768e+001
3.1771701e+001
3.1566669e+001
3.1646426e+001
3.1848032e+001
3.2211113e+001
3.2168721e+001
3.2082926e+001
3.1176508e+001
2.8982696e+001
2.6846340e+001
2.6956803e+001
2.5983005e+001
2.6233990e+001
2.5163071e+001
2.6338977e+001
2.6211604e+001
2.5160049e+001
2.3767367e+001
2.3320243e+001
2.2466459e+001
2.3030333e+001
2.3549011e+001
2.2642644e+001
2.4582981e+001
2.2670308e+001
2.2139087e+001
2.0544991e+001
2.3250103e+001
2.1301584e+001
2.0096259e+001
1.9106170e+001
1.9602188e+001
2.0255180e+001
2.2379707e+001
2.2555653e+001
2.3329602e+001
2.2713950e+001
2.2137389e+001
2.0425193e+001
2.0963263e+001
2.1739215e+001
2.0288473e+001
2.0564466e+001
2.0718489e+001
1.8983722e+001
1.9194129e+001
1.9673222e+001
1.8005225e+001
1.8402908e+001
1.7878862e+001
1.6954878e+001
1.7824786e+001
1.7440803e+001
1.6388301e+001
1.5355109e+001
1.7720528e+001
1.6331058e+001
1.8949610e+001
1.9447118e+001
1.8462783e+001
1.9131316e+001
1.9953727e+001
1.8957560e+001
1.9601216e+001
1.9586926e+001
1.9993345e+001
2.0183838e+001
1.9563897e+001
1.7795754e+001
1.8152131e+001
1.8281749e+001
1.7404336e+001
1.7353245e+001
1.6945718e+001
1.6212029e+001
1.7282681e+001
1.7323490e+001
1.7630891e+001
1.7947419e+001
1.9549550e+001
1.9869622e+001
2.1286096e+001
2.3109837e+001
2.3079797e+001
2.4608135e+001
2.5213536e+001
2.5430722e+001
2.4475031e+001
2.6285810e+001
2.7083344e+001
2.7400632e+001
2.8618746e+001
2.9283996e+001
2.8466734e+001
2.9057077e+001
2.9401138e+001
2.9886609e+001
3.0305380e+001
2.9721970e+001
3.0833506e+001
3.2032077e+001
3.0635990e+001
3.0826368e+001
3.1572629e+001
3.3252812e+001
3.3982938e+001
3.1895525e+001
3.2900929e+001
3.3254695e+001
3.4555052e+001
3.4520369e+001
3.4160271e+001
3.3162978e+001
3.2507554e+001
3.1210239e+001
2.9851014e+001
2.9084580e+001
2.8988980e+001
2.8371093e+001
2.9072075e+001
3.0137773e+001
2.9418604e+001
2.8141525e+001
2.7139649e+001
2.7035736e+001
2.8405318e+001
2.8271759e+001
2.7751277e+001
2.8310758e+001
2.6933567e+001
2.8590996e+001
2.8763490e+001
2.9536515e+001
2.9280967e+001
3.2914232e+001
3.1873054e+001
3.2309165e+001
2.9342018e+001
3.1293646e+001
2.9746062e+001
2.9437594e+001
2.8826931e+001
2.9181581e+001
2.8372299e+001
2.8735140e+001
2.8253223e+001
2.7541184e+001
2.5798021e+001
2.5576834e+001
2.7590310e+001
2.8513620e+001
2.8607160e+001
2.8697879e+001
2.9088801e+001
2.9466922e+001
2.7535583e+001
2.6695486e+001
3.0181899e+001
2.9556125e+001
3.0232533e+001
2.8924990e+001
2.9089016e+001
3.0265014e+001
2.9740882e+001
2.8838210e+001
2.9145466e+001
2.8207573e+001
2.7004590e+001
2.6626489e+001
2.5981016e+001
2.6739209e+001
2.5860629e+001
2.7280849e+001
2.5449259e+001
2.5458293e+001
2.6453725e+001
2.6162593e+001
2.5542930e+001
2.4039056e+001
2.3453809e+001
2.5525412e+001
2.4874095e+001
2.5329143e+001
2.4576583e+001
2.5937936e+001
2.5542946e+001
2.5449457e+001
2.6049867e+001
2.5665455e+001
2.4272101e+001
2.5111186e+001
2.4406490e+001
2.4956676e+001
2.6635930e+001
2.6682844e+001
2.7073002e+001
2.7510778e+001
2.7111619e+001
2.6575363e+001
2.5217796e+001
2.5134282e+001
2.4859841e+001
2.5324954e+001
2.4757670e+001
2.4873144e+001
2.2688210e+001
2.2409711e+001
2.2344769e+001
2.1747173e+001
2.2105900e+001
2.0722641e+001
1.9642461e+001
1.8574794e+001
1.7894628e+001
1.9044352e+001
1.9488457e+001
2.0669534e+001
1.8939276e+001
1.9058223e+001
2.0860888e+001
2.1322774e+001
2.2335455e+001
2.0720600e+001
2.1130371e+001
2.2388570e+001
2.3519886e+001
2.3590827e+001
2.3361536e+001
2.3887344e+001
2.4025702e+001
2.5762298e+001
2.5876094e+001
2.4844791e+001
2.4456058e+001
2.4233046e+001
2.4964389e+001
2.5008721e+001
2.5447565e+001
2.8037112e+001
2.9157978e+001
2.9936974e+001
3.1335613e+001
3.2928618e+001
3.3590211e+001
3.2806980e+001
3.2110490e+001
3.2532558e+001
3.3374269e+001
3.2903578e+001
3.2607261e+001
3.2851372e+001
3.2612863e+001
3.1855314e+001
3.1850512e+001
2.9860689e+001
3.2036255e+001
3.1585593e+001
3.2633753e+001
3.1476168e+001
3.1202999e+001
3.2002588e+001
3.1017881e+001
3.0869125e+001
3.0864479e+001
3.1150047e+001
3.0918523e+001
3.0548558e+001
3.0050033e+001
2.9910803e+001
2.9356494e+001
2.7434863e+001
2.8449900e+001
2.8912492e+001
3.0196724e+001
2.9973138e+001
3.0423361e+001
2.9286373e+001
2.8439794e+001
2.8071845e+001
2.8939359e+001
2.8321471e+001
2.8113837e+001
2.8828180e+001
2.9893696e+001
3.0022363e+001
2.9828040e+001
2.9751159e+001
2.9234349e+001
2.8232097e+001
2.9032894e+001
2.6111395e+001
2.6170933e+001
2.6958945e+001
2.6638779e+001
2.5656553e+001
2.5350306e+001
2.5683609e+001
2.6980865e+001
2.6827483e+001
2.7206933e+001
2.8791615e+001
2.8683413e+001
2.7781876e+001
2.7152188e+001
2.8158989e+001
2.7029535e+001
2.7680573e+001
2.6041147e+001
2.6832067e+001
2.6833533e+001
2.6526114e+001
2.5511683e+001
2.5541776e+001
2.4122873e+001
2.4314559e+001
2.3514086e+001
2.1869239e+001
2.2781153e+001
2.4102155e+001
2.2745504e+001
2.3113214e+001
2.2742908e+001
2.1124990e+001
1.9819392e+001
2.0513037e+001
2.2771697e+001
2.2022126e+001
2.1107085e+001
2.1516626e+001
2.4311734e+001
2.4280334e+001
2.2972999e+001
2.3484366e+001
2.0804463e+001
2.1585044e+001
1.9608214e+001
1.9111526e+001
1.8576637e+001
1.8511284e+001
1.9826980e+001
2.1302341e+001
1.9924159e+001
1.8599413e+001
1.8264212e+001
1.6735635e+001
1.6780915e+001
1.4662782e+001
1.4228337e+001
1.4583095e+001
1.2894918e+001
1.3123716e+001
1.3271009e+001
1.2314700e+001
1.1426402e+001
1.1676697e+001
1.1017009e+001
1.1233582e+001
1.0704726e+001
9.9071358e+000
8.6034660e+000
1.0379721e+001
1.0435049e+001
1.1190266e+001
1.0648243e+001
1.1354960e+001
1.1698653e+001
1.2257383e+001
1.1490268e+001
1.2521159e+001
1.2411863e+001
1.1852968e+001
1.0796609e+001
1.1324368e+001
1.1154253e+001
1.0132098e+001
1.0599637e+001
1.1301471e+001
1.0003532e+001
1.1068433e+001
1.0133382e+001
1.0080747e+001
1.0591674e+001
1.0452326e+001
9.0666024e+000
9.8653672e+000
1.0570507e+001
1.1250306e+001
1.0405510e+001
1.0569478e+001
9.9699218e+000
9.6346850e+000
9.4443950e+000
1.1354690e+001
1.1627762e+001
1.2625783e+001
1.3580915e+001
1.4343700e+001
1.4507093e+001
1.3029847e+001
1.2823052e+001
1.3588483e+001
1.3260911e+001
1.2895281e+001
1.0950904e+001
1.2033905e+001
1.2835388e+001
1.2707371e+001
1.1559317e+001
1.2338380e+001
1.1574121e+001
1.2954973e+001
1.3803008e+001
1.2047442e+001
1.0071283e+001
1.3754152e+001
1.3418040e+001
1.3803532e+001
1.4194255e+001
1.3666217e+001
1.3492078e+001
1.5066933e+001
1.5688682e+001
1.6388183e+001
1.7316002e+001
1.8525109e+001
1.8121934e+001
1.7452048e+001
1.7126394e+001
1.6652529e+001
1.6420469e+001
1.7094391e+001
1.6472283e+001
1.5344972e+001
1.5638670e+001
1.6255762e+001
1.7969664e+001
2.0748262e+001
2.1379065e+001
2.0681848e+001
2.0305327e+001
2.2214507e+001
2.2961566e+001
2.2516484e+001
2.3504381e+001
2.4733636e+001
2.5890493e+001
2.5671592e+001
2.5092505e+001
2.4563622e+001
2.5245213e+001
2.5195480e+001
2.4517644e+001
2.6770961e+001
2.6961272e+001
2.7138446e+001
2.8928171e+001
3.2318015e+001
3.3340271e+001
3.2721018e+001
3.1879977e+001
3.2913835e+001
3.2057200e+001
3.1922495e+001
3.2839799e+001
3.1473997e+001
3.0358387e+001
3.1171572e+001
2.9480927e+001
2.9914403e+001
3.0138337e+001
3.0757430e+001
2.9978276e+001
2.9725771e+001
2.9856462e+001
3.2034984e+001
3.2291432e+001
3.2936436e+001
3.2867895e+001
3.4105774e+001
3.4262940e+001
3.3322554e+001
3.3003617e+001
3.3274976e+001
3.3106296e+001
3.3623354e+001
3.3795539e+001
3.4502774e+001
3.4274996e+001
3.4676586e+001
3.5645567e+001
3.5923774e+001
3.4548987e+001
3.4461766e+001
3.4603531e+001
3.4705709e+001
3.5498290e+001
3.4632690e+001
3.5203163e+001
3.4676279e+001
3.4321609e+001
3.4979396e+001
3.4295926e+001
3.3512475e+001
3.4007328e+001
3.3478111e+001
3.1634477e+001
3.0188072e+001
3.1321292e+001
3.2197658e+001
3.2925315e+001
3.3783342e+001
3.4013641e+001
3.1883277e+001
3.0607046e+001
3.0056723e+001
3.1017441e+001
3.2581402e+001
3.1898552e+001
3.2105314e+001
3.1568849e+001
3.1803794e+001
3.1671957e+001
2.8518712e+001
2.7941771e+001
2.9220827e+001
2.9378781e+001
3.0468544e+001
3.0417482e+001
3.2299126e+001
3.2579823e+001
3.1268890e+001
3.0147859e+001
3.1419948e+001
3.0906003e+001
3.1077822e+001
3.1880843e+001
3.1257716e+001
3.3218217e+001
3.2941754e+001
3.3342317e+001
3.4206711e+001
3.4298566e+001
3.4887668e+001
3.5051671e+001
3.6386683e+001
3.7198932e+001
3.6135005e+001
3.7674451e+001
3.7807875e+001
3.6733251e+001
3.7131065e+001
3.7530263e+001
3.6817268e+001
3.5515334e+001
3.5319766e+001
3.4024472e+001
3.5582828e+001
3.4579685e+001
3.3996704e+001
3.2725806e+001
3.1700121e+001
3.3004148e+001
3.2313244e+001
3.3146746e+001
3.4939116e+001
3.5523925e+001
3.4958081e+001
3.4851224e+001
3.3881164e+001
3.6087495e+001
3.5613539e+001
3.5946162e+001
3.3564285e+001
3.3814642e+001
3.3806317e+001
3.3487765e+001
3.3812979e+001
3.3995670e+001
3.3236959e+001
3.2514401e+001
3.2531007e+001
3.1795804e+001
3.1324179e+001
3.0830294e+001
3.0259720e+001
2.8472570e+001
2.7107961e+001
2.6468130e+001
2.7807456e+001
2.8129593e+001
2.8172972e+001
2.9658914e+001
2.9993079e+001
3.0534865e+001
2.9955042e+001
3.0593407e+001
2.9609017e+001
3.0156063e+001
2.9025768e+001
3.0063035e+001
2.8884675e+001
2.7774632e+001
2.7314401e+001
2.7631735e+001
2.8142368e+001
2.7295074e+001
2.8167991e+001
2.8378478e+001
3.0268496e+001
2.8954109e+001
2.7990534e+001
2.6921549e+001
2.6981239e+001
2.7967809e+001
3.0365497e+001
3.0604965e+001
3.0681701e+001
2.9659003e+001
2.9878960e+001
2.9484819e+001
2.9794345e+001
3.0199419e+001
3.1656765e+001
3.1428773e+001
3.1189130e+001
3.0096550e+001
2.9424713e+001
2.9315712e+001
3.0367925e+001
3.0839891e+001
3.2868826e+001
3.3871483e+001
3.3319169e+001
3.4121806e+001
3.4937537e+001
3.4406375e+001
3.4317583e+001
3.3985503e+001
3.3642484e+001
3.1883885e+001
3.0537587e+001
2.9319819e+001
2.8330616e+001
2.8770954e+001
2.9816516e+001
2.8642218e+001
2.7519659e+001
2.6224759e+001
2.4532099e+001
2.3830579e+001
2.4217039e+001
2.4495771e+001
2.5114209e+001
2.4287070e+001
2.2766864e+001
2.3121823e+001
2.3370156e+001
2.3496322e+001
2.2429702e+001
2.0745457e+001
2.2029966e+001
2.1267646e+001
2.0092802e+001
2.0459115e+001
2.0848116e+001
2.0552112e+001
2.0552730e+001
1.9902808e+001
1.8128928e+001
1.7843398e+001
1.8704260e+001
1.8154879e+001
1.7346239e+001
1.8249354e+001
1.7360499e+001
1.6401570e+001
1.5690181e+001
1.3939001e+001
1.3615787e+001
1.5891535e+001
1.5883989e+001
1.6529312e+001
1.6742692e+001
1.8693228e+001
2.0056521e+001
1.9781271e+001
1.9444387e+001
1.9924701e+001
1.9471188e+001
1.9015706e+001
1.9858440e+001
1.8664658e+001
1.9594620e+001
1.8859082e+001
1.7892360e+001
1.6812850e+001
1.5596770e+001
1.6089710e+001
1.5892477e+001
1.6745147e+001
1.6728647e+001
1.5501040e+001
1.5199871e+001
1.6575753e+001
1.6411466e+001
1.5808371e+001
1.6492326e+001
1.7072655e+001
1.8733720e+001
1.8463365e+001
1.8410093e+001
1.7876827e+001
1.5968699e+001
1.7105658e+001
1.8852307e+001
1.9490385e+001
1.9475295e+001
1.8499413e+001
1.7916026e+001
1.8115386e+001
1.7715579e+001
1.7131845e+001
1.7102096e+001
1.8776026e+001
1.9890307e+001
2.1621557e+001
2.1709343e+001
2.1652771e+001
2.3349383e+001
2.4162137e+001
2.3134759e+001
2.4652236e+001
2.4613663e+001
2.4888705e+001
2.6041952e+001
2.3512669e+001
2.2930331e+001
2.1016322e+001
2.1313905e+001
2.0663475e+001
1.9776956e+001
1.9116591e+001
1.8362865e+001
1.7437481e+001
1.8813587e+001
2.0973628e+001
2.0951563e+001
2.1681612e+001
2.1530318e+001
2.3136239e+001
2.4657022e+001
2.3668458e+001
2.5116797e+001
2.5535115e+001
2.6541179e+001
2.7691279e+001
2.7993422e+001
2.8473588e+001
2.8401678e+001
2.8911208e+001
2.8124172e+001
2.6995842e+001
2.6908982e+001
2.6338542e+001
2.6297871e+001
2.6670862e+001
2.7289772e+001
2.6047168e+001
2.6168508e+001
2.5951957e+001
2.4861295e+001
2.5108524e+001
2.5898035e+001
2.7156531e+001
2.9018509e+001
2.8887383e+001
2.9633313e+001
2.9999585e+001
3.0895748e+001
3.1217728e+001
3.1967477e+001
3.2837022e+001
3.3644628e+001
3.4699120e+001
3.5235009e+001
3.5703367e+001
3.6328071e+001
3.7336667e+001
3.7414348e+001
3.7030156e+001
3.5542921e+001
3.4491920e+001
3.4712695e+001
3.6265092e+001
3.7550316e+001
3.8145121e+001
3.7595128e+001
3.8981595e+001
3.6569796e+001
3.6891131e+001
3.7379906e+001
3.7414382e+001
3.7522082e+001
3.7918759e+001
3.8568162e+001
3.8132957e+001
3.8591291e+001
4.0515006e+001
4.1354680e+001
4.0870538e+001
4.1867271e+001
4.2014796e+001
4.3019569e+001
4.2247086e+001
4.0668851e+001
4.0161558e+001
3.9041143e+001
3.8610116e+001
3.8546927e+001
4.1061913e+001
4.1251241e+001
4.0585263e+001
4.0954171e+001
4.0774966e+001
4.1633824e+001
4.3209522e+001
4.4998370e+001
4.4501571e+001
4.5435752e+001
4.6302708e+001
4.6804371e+001
4.7359110e+001
4.5609244e+001
4.4516237e+001
4.4025786e+001
4.2169845e+001
4.2213386e+001
4.1636188e+001
4.0440183e+001
3.9791355e+001
3.8390222e+001
3.7786278e+001
3.7693319e+001
3.8297140e+001
3.9420923e+001
3.9894866e+001
3.9724396e+001
4.0296985e+001
4.0779596e+001
4.1603880e+001
4.1821418e+001
4.1041062e+001
4.1075380e+001
4.1131368e+001
3.9589527e+001
3.9874111e+001
4.0375227e+001
4.0649748e+001
3.9776529e+001
4.2154077e+001
4.0656681e+001
4.0889028e+001
4.0222408e+001
4.0209448e+001
3.8062474e+001
3.9244714e+001
4.1000612e+001
4.0955824e+001
4.1633560e+001
4.1436692e+001
4.2523632e+001
4.3309567e+001
4.2602861e+001
4.2115068e+001
4.4078035e+001
4.4939493e+001
4.5792734e+001
4.5686755e+001
4.7106566e+001
4.9399132e+001
4.6850780e+001
4.7699810e+001
4.7578323e+001
4.7858971e+001
4.8491916e+001
4.8555903e+001
4.9928566e+001
4.9417602e+001
4.8092551e+001
4.8259785e+001
4.6221488e+001
4.4622132e+001
4.3232900e+001
4.2587408e+001
4.3488583e+001
4.2402798e+001
4.1474811e+001
4.2387414e+001
4.3388221e+001
4.2368808e+001
4.3402626e+001
4.4058083e+001
4.4128721e+001
4.2646513e+001
4.1313702e+001
3.9940767e+001
4.0782670e+001
4.0230499e+001
4.0704815e+001
4.0104190e+001
3.9406066e+001
3.8549345e+001
3.7419412e+001
3.8192700e+001
3.7903885e+001
3.8896817e+001
3.8273320e+001
3.8366732e+001
3.8289119e+001
3.6958929e+001
3.6583526e+001
3.5746176e+001
3.6509206e+001
3.6854853e+001
3.5984053e+001
3.5943683e+001
3.6362414e+001
3.5339276e+001
3.5571421e+001
3.5442568e+001
3.5449720e+001
3.5105608e+001
3.4734636e+001
3.3155871e+001
3.4280608e+001
3.3221621e+001
3.3929562e+001
3.1804421e+001
3.0956027e+001
2.8938628e+001
3.0634923e+001
3.1357210e+001
2.9782482e+001
2.8707834e+001
2.7993984e+001
2.8984140e+001
2.8891534e+001
2.9642153e+001
3.0054538e+001
3.0341570e+001
3.0482968e+001
3.0718835e+001
3.0709332e+001
3.0819444e+001
3.1671811e+001
3.3111675e+001
3.3555937e+001
3.2514758e+001
3.2066685e+001
3.2550312e+001
3.2970802e+001
3.3923217e+001
3.3827790e+001
3.3760435e+001
3.3988724e+001
3.5228895e+001
3.6199670e+001
3.6925516e+001
3.6305205e+001
3.5033176e+001
3.4168843e+001
3.3829594e+001
3.4125129e+001
3.4380222e+001
3.4231396e+001
3.4904393e+001
3.4516962e+001
3.3460055e+001
3.5216492e+001
3.3911095e+001
3.5958020e+001
3.5620329e+001
3.6153632e+001
3.5623363e+001
3.4252229e+001
3.4385401e+001
3.4559316e+001
3.4341148e+001
3.5003984e+001
3.5132944e+001
3.4051286e+001
3.4394496e+001
3.4255630e+001
3.4728136e+001
3.4457098e+001
3.4832880e+001
3.4396160e+001
3.4278185e+001
3.3024877e+001
3.3634928e+001
3.4966713e+001
3.4642770e+001
3.4041011e+001